-3.872983346207416844e+01 0.000000000000000000e+00
-3.714902393300991434e+01 0.000000000000000000e+00
-3.556821440394566736e+01 0.000000000000000000e+00
-3.398740487488141326e+01 0.000000000000000000e+00
-3.240659534581715917e+01 0.000000000000000000e+00
-3.082578581675290863e+01 0.000000000000000000e+00
-2.924497628768865809e+01 0.000000000000000000e+00
-2.766416675862440400e+01 1.000000000000000000e+00
-2.608335722956015346e+01 2.000000000000000000e+00
-2.450254770049590292e+01 3.000000000000000000e+00
-2.292173817143164882e+01 5.000000000000000000e+00
-2.134092864236739828e+01 7.000000000000000000e+00
-1.976011911330314774e+01 1.300000000000000000e+01
-1.817930958423889365e+01 1.300000000000000000e+01
-1.659850005517464311e+01 2.600000000000000000e+01
-1.501769052611038902e+01 3.200000000000000000e+01
-1.343688099704613848e+01 5.900000000000000000e+01
-1.185607146798188793e+01 5.900000000000000000e+01
-1.027526193891763384e+01 6.500000000000000000e+01
-8.694452409853383301e+00 1.030000000000000000e+02
-7.113642880789129208e+00 1.090000000000000000e+02
-5.532833351724882220e+00 1.320000000000000000e+02
-3.952023822660628127e+00 1.370000000000000000e+02
-2.371214293596374034e+00 1.440000000000000000e+02
-7.904047645321270466e-01 1.480000000000000000e+02
7.904047645321270466e-01 1.470000000000000000e+02
2.371214293596381140e+00 1.390000000000000000e+02
3.952023822660635233e+00 1.300000000000000000e+02
5.532833351724882220e+00 1.140000000000000000e+02
7.113642880789136314e+00 8.500000000000000000e+01
8.694452409853390407e+00 1.010000000000000000e+02
1.027526193891763739e+01 5.100000000000000000e+01
1.185607146798189149e+01 6.300000000000000000e+01
1.343688099704614558e+01 4.400000000000000000e+01
1.501769052611039257e+01 2.600000000000000000e+01
1.659850005517464666e+01 2.100000000000000000e+01
1.817930958423890075e+01 7.000000000000000000e+00
1.976011911330314774e+01 5.000000000000000000e+00
2.134092864236740184e+01 6.000000000000000000e+00
2.292173817143165593e+01 2.000000000000000000e+00
2.450254770049591002e+01 0.000000000000000000e+00
2.608335722956016411e+01 0.000000000000000000e+00
2.766416675862440400e+01 1.000000000000000000e+00
2.924497628768865809e+01 0.000000000000000000e+00
3.082578581675291218e+01 0.000000000000000000e+00
3.240659534581716628e+01 0.000000000000000000e+00
3.398740487488142037e+01 0.000000000000000000e+00
3.556821440394567446e+01 0.000000000000000000e+00
3.714902393300991434e+01 0.000000000000000000e+00
3.872983346207416844e+01 0.000000000000000000e+00
