-3.162277660168379256e+01 0.000000000000000000e+00
-3.033205102610486392e+01 0.000000000000000000e+00
-2.904132545052593173e+01 0.000000000000000000e+00
-2.775059987494699953e+01 0.000000000000000000e+00
-2.645987429936807089e+01 0.000000000000000000e+00
-2.516914872378914225e+01 0.000000000000000000e+00
-2.387842314821021006e+01 0.000000000000000000e+00
-2.258769757263127786e+01 1.000000000000000000e+00
-2.129697199705234922e+01 3.000000000000000000e+00
-2.000624642147342058e+01 8.000000000000000000e+00
-1.871552084589448839e+01 4.000000000000000000e+00
-1.742479527031555619e+01 7.000000000000000000e+00
-1.613406969473662755e+01 9.000000000000000000e+00
-1.484334411915769536e+01 1.700000000000000000e+01
-1.355261854357876672e+01 3.000000000000000000e+01
-1.226189296799983808e+01 3.200000000000000000e+01
-1.097116739242090588e+01 4.200000000000000000e+01
-9.680441816841973690e+00 6.700000000000000000e+01
-8.389716241263045049e+00 9.800000000000000000e+01
-7.098990665684116408e+00 1.120000000000000000e+02
-5.808265090105184214e+00 1.110000000000000000e+02
-4.517539514526252020e+00 1.290000000000000000e+02
-3.226813938947323379e+00 1.310000000000000000e+02
-1.936088363368394738e+00 1.440000000000000000e+02
-6.453627877894625442e-01 1.480000000000000000e+02
6.453627877894696496e-01 1.440000000000000000e+02
1.936088363368401843e+00 1.330000000000000000e+02
3.226813938947326932e+00 1.360000000000000000e+02
4.517539514526259126e+00 1.050000000000000000e+02
5.808265090105191319e+00 9.700000000000000000e+01
7.098990665684116408e+00 7.500000000000000000e+01
8.389716241263048602e+00 5.200000000000000000e+01
9.680441816841980796e+00 4.900000000000000000e+01
1.097116739242091299e+01 3.900000000000000000e+01
1.226189296799984518e+01 4.200000000000000000e+01
1.355261854357877027e+01 1.500000000000000000e+01
1.484334411915770247e+01 6.000000000000000000e+00
1.613406969473663466e+01 4.000000000000000000e+00
1.742479527031555975e+01 7.000000000000000000e+00
1.871552084589449194e+01 2.000000000000000000e+00
2.000624642147342414e+01 1.000000000000000000e+00
2.129697199705235633e+01 0.000000000000000000e+00
2.258769757263128852e+01 0.000000000000000000e+00
2.387842314821021361e+01 0.000000000000000000e+00
2.516914872378914581e+01 0.000000000000000000e+00
2.645987429936807800e+01 0.000000000000000000e+00
2.775059987494700309e+01 0.000000000000000000e+00
2.904132545052593528e+01 0.000000000000000000e+00
3.033205102610486747e+01 0.000000000000000000e+00
3.162277660168379256e+01 0.000000000000000000e+00
