-2.236067977499789805e+01 0.000000000000000000e+00
-2.144799896785512772e+01 0.000000000000000000e+00
-2.053531816071235383e+01 0.000000000000000000e+00
-1.962263735356958350e+01 0.000000000000000000e+00
-1.870995654642681316e+01 0.000000000000000000e+00
-1.779727573928403928e+01 1.000000000000000000e+00
-1.688459493214126894e+01 1.000000000000000000e+00
-1.597191412499849861e+01 2.000000000000000000e+00
-1.505923331785572827e+01 1.000000000000000000e+00
-1.414655251071295616e+01 6.000000000000000000e+00
-1.323387170357018405e+01 6.000000000000000000e+00
-1.232119089642741372e+01 4.000000000000000000e+00
-1.140851008928464161e+01 1.100000000000000000e+01
-1.049582928214187127e+01 2.300000000000000000e+01
-9.583148474999099165e+00 2.200000000000000000e+01
-8.670467667856328831e+00 3.000000000000000000e+01
-7.757786860713556720e+00 4.300000000000000000e+01
-6.845106053570784610e+00 5.600000000000000000e+01
-5.932425246428014276e+00 8.900000000000000000e+01
-5.019744439285243942e+00 1.010000000000000000e+02
-4.107063632142470055e+00 1.100000000000000000e+02
-3.194382824999699722e+00 1.310000000000000000e+02
-2.281702017856929388e+00 1.410000000000000000e+02
-1.369021210714159054e+00 1.400000000000000000e+02
-4.563404035713851670e-01 1.420000000000000000e+02
4.563404035713851670e-01 1.550000000000000000e+02
1.369021210714155501e+00 1.330000000000000000e+02
2.281702017856929388e+00 1.340000000000000000e+02
3.194382824999699722e+00 1.180000000000000000e+02
4.107063632142470055e+00 1.040000000000000000e+02
5.019744439285240389e+00 8.100000000000000000e+01
5.932425246428014276e+00 6.900000000000000000e+01
6.845106053570784610e+00 4.900000000000000000e+01
7.757786860713554944e+00 2.800000000000000000e+01
8.670467667856328831e+00 2.700000000000000000e+01
9.583148474999099165e+00 1.800000000000000000e+01
1.049582928214186950e+01 1.100000000000000000e+01
1.140851008928463983e+01 6.000000000000000000e+00
1.232119089642741017e+01 2.000000000000000000e+00
1.323387170357018050e+01 2.000000000000000000e+00
1.414655251071295794e+01 2.000000000000000000e+00
1.505923331785572827e+01 1.000000000000000000e+00
1.597191412499849861e+01 0.000000000000000000e+00
1.688459493214126894e+01 0.000000000000000000e+00
1.779727573928403928e+01 0.000000000000000000e+00
1.870995654642680961e+01 0.000000000000000000e+00
1.962263735356957994e+01 0.000000000000000000e+00
2.053531816071235738e+01 0.000000000000000000e+00
2.144799896785512772e+01 0.000000000000000000e+00
2.236067977499789805e+01 0.000000000000000000e+00
