-5.000000000000000000e+01 0.000000000000000000e+00
-4.795918367346938993e+01 0.000000000000000000e+00
-4.591836734693877276e+01 0.000000000000000000e+00
-4.387755102040816269e+01 1.000000000000000000e+00
-4.183673469387755262e+01 3.000000000000000000e+00
-3.979591836734694255e+01 2.000000000000000000e+00
-3.775510204081632537e+01 9.000000000000000000e+00
-3.571428571428571530e+01 5.000000000000000000e+00
-3.367346938775510523e+01 9.000000000000000000e+00
-3.163265306122448806e+01 1.600000000000000000e+01
-2.959183673469387799e+01 1.900000000000000000e+01
-2.755102040816326436e+01 2.500000000000000000e+01
-2.551020408163265074e+01 2.500000000000000000e+01
-2.346938775510204067e+01 3.300000000000000000e+01
-2.142857142857142705e+01 4.100000000000000000e+01
-1.938775510204081698e+01 5.500000000000000000e+01
-1.734693877551020336e+01 7.100000000000000000e+01
-1.530612244897959329e+01 5.700000000000000000e+01
-1.326530612244897611e+01 7.500000000000000000e+01
-1.122448979591836604e+01 7.700000000000000000e+01
-9.183673469387755972e+00 9.100000000000000000e+01
-7.142857142857138797e+00 1.120000000000000000e+02
-5.102040816326528727e+00 1.060000000000000000e+02
-3.061224489795918657e+00 1.100000000000000000e+02
-1.020408163265301482e+00 1.130000000000000000e+02
1.020408163265308588e+00 1.190000000000000000e+02
3.061224489795918657e+00 1.060000000000000000e+02
5.102040816326528727e+00 9.900000000000000000e+01
7.142857142857145902e+00 9.600000000000000000e+01
9.183673469387755972e+00 8.900000000000000000e+01
1.122448979591836604e+01 6.800000000000000000e+01
1.326530612244898322e+01 8.000000000000000000e+01
1.530612244897959329e+01 5.300000000000000000e+01
1.734693877551021046e+01 4.700000000000000000e+01
1.938775510204081343e+01 4.500000000000000000e+01
2.142857142857143060e+01 2.100000000000000000e+01
2.346938775510204778e+01 2.900000000000000000e+01
2.551020408163265074e+01 3.100000000000000000e+01
2.755102040816326792e+01 1.300000000000000000e+01
2.959183673469388509e+01 1.500000000000000000e+01
3.163265306122448806e+01 1.700000000000000000e+01
3.367346938775510523e+01 7.000000000000000000e+00
3.571428571428572241e+01 5.000000000000000000e+00
3.775510204081632537e+01 2.000000000000000000e+00
3.979591836734694255e+01 1.000000000000000000e+00
4.183673469387755972e+01 1.000000000000000000e+00
4.387755102040816269e+01 1.000000000000000000e+00
4.591836734693877986e+01 0.000000000000000000e+00
4.795918367346939704e+01 0.000000000000000000e+00
5.000000000000000000e+01 0.000000000000000000e+00
