-4.472135954999579610e+01 0.000000000000000000e+00
-4.289599793571025543e+01 0.000000000000000000e+00
-4.107063632142470766e+01 0.000000000000000000e+00
-3.924527470713916699e+01 0.000000000000000000e+00
-3.741991309285362632e+01 0.000000000000000000e+00
-3.559455147856807855e+01 1.000000000000000000e+00
-3.376918986428253788e+01 2.000000000000000000e+00
-3.194382824999699722e+01 1.000000000000000000e+00
-3.011846663571145655e+01 4.000000000000000000e+00
-2.829310502142591233e+01 3.000000000000000000e+00
-2.646774340714036811e+01 6.000000000000000000e+00
-2.464238179285482744e+01 9.000000000000000000e+00
-2.281702017856928322e+01 8.000000000000000000e+00
-2.099165856428374255e+01 1.400000000000000000e+01
-1.916629694999819833e+01 2.800000000000000000e+01
-1.734093533571265766e+01 4.500000000000000000e+01
-1.551557372142711344e+01 4.800000000000000000e+01
-1.369021210714156922e+01 6.400000000000000000e+01
-1.186485049285602855e+01 7.100000000000000000e+01
-1.003948887857048788e+01 9.300000000000000000e+01
-8.214127264284940111e+00 1.130000000000000000e+02
-6.388765649999399443e+00 1.290000000000000000e+02
-4.563404035713858775e+00 1.460000000000000000e+02
-2.738042421428318107e+00 1.490000000000000000e+02
-9.126808071427703339e-01 1.540000000000000000e+02
9.126808071427703339e-01 1.390000000000000000e+02
2.738042421428311002e+00 1.480000000000000000e+02
4.563404035713858775e+00 1.280000000000000000e+02
6.388765649999399443e+00 1.140000000000000000e+02
8.214127264284940111e+00 8.800000000000000000e+01
1.003948887857048078e+01 7.800000000000000000e+01
1.186485049285602855e+01 6.900000000000000000e+01
1.369021210714156922e+01 4.200000000000000000e+01
1.551557372142710989e+01 2.600000000000000000e+01
1.734093533571265766e+01 2.900000000000000000e+01
1.916629694999819833e+01 1.900000000000000000e+01
2.099165856428373900e+01 1.500000000000000000e+01
2.281702017856927966e+01 8.000000000000000000e+00
2.464238179285482033e+01 4.000000000000000000e+00
2.646774340714036100e+01 2.000000000000000000e+00
2.829310502142591588e+01 2.000000000000000000e+00
3.011846663571145655e+01 0.000000000000000000e+00
3.194382824999699722e+01 1.000000000000000000e+00
3.376918986428253788e+01 0.000000000000000000e+00
3.559455147856807855e+01 0.000000000000000000e+00
3.741991309285361922e+01 0.000000000000000000e+00
3.924527470713915989e+01 0.000000000000000000e+00
4.107063632142471477e+01 0.000000000000000000e+00
4.289599793571025543e+01 0.000000000000000000e+00
4.472135954999579610e+01 0.000000000000000000e+00
