2.888527258E0,3.516544085E-5,3.511988726E-5
2.929210740E0,3.610816609E-5,3.325329127E-5
2.969894223E0,3.645591465E-5,3.340172575E-5
3.010577705E0,3.641631075E-5,3.347884134E-5
3.051261188E0,3.679450233E-5,3.353456565E-5
3.091944670E0,3.693404111E-5,3.370936671E-5
3.132628153E0,3.750621717E-5,3.383854261E-5
3.173311635E0,3.767678162E-5,3.375198283E-5
3.213995118E0,3.775174568E-5,3.396677976E-5
3.254678600E0,3.802678545E-5,3.367986050E-5
3.295362083E0,3.793742422E-5,3.375438567E-5
3.336045566E0,3.832837551E-5,3.372472825E-5
3.376729048E0,3.846107150E-5,3.375337019E-5
3.417412531E0,3.892790500E-5,3.355405645E-5
3.458096013E0,3.896928121E-5,3.353940559E-5
3.498779496E0,3.882362453E-5,3.357713823E-5
3.539462978E0,3.865462456E-5,3.412717996E-5
3.580146461E0,3.898963542E-5,3.458949688E-5
3.620829943E0,3.918868165E-5,3.457560584E-5
3.661513426E0,3.912521902E-5,3.453351217E-5
3.702196908E0,3.947616422E-5,3.475604405E-5
3.742880391E0,3.962007419E-5,3.491332179E-5
3.783563873E0,3.928304864E-5,3.490590408E-5
3.824247356E0,3.942838277E-5,3.416681980E-5
3.864930838E0,3.986209616E-5,3.371173462E-5
3.905614321E0,4.006166341E-5,3.401286921E-5
3.946297803E0,4.002927760E-5,3.356105742E-5
3.986981286E0,4.046200418E-5,3.339743859E-5
4.027664768E0,4.064983917E-5,3.355005847E-5
4.068348251E0,4.048444870E-5,3.382285341E-5
4.109031733E0,4.026303738E-5,3.400935963E-5
4.149715216E0,4.049595135E-5,3.383127969E-5
4.190398698E0,4.078253310E-5,3.334476573E-5
4.231082181E0,4.077091745E-5,3.269450652E-5
4.271765663E0,4.063651591E-5,3.275344883E-5
4.312449146E0,4.104999845E-5,3.279935174E-5
4.353132628E0,4.140876753E-5,3.277746653E-5
4.393816111E0,4.138810163E-5,3.280291808E-5
4.434499593E0,4.142762044E-5,3.278498232E-5
4.475183076E0,4.186127665E-5,3.281224653E-5
4.515866558E0,4.220372924E-5,3.292102867E-5
4.556550041E0,4.215338523E-5,3.257401296E-5
4.597233523E0,4.229679976E-5,3.265419925E-5
4.637917006E0,4.197959397E-5,3.275234393E-5
4.678600488E0,4.213579471E-5,3.224570892E-5
4.719283971E0,4.185218013E-5,3.206645358E-5
4.759967453E0,4.197678776E-5,3.234650607E-5
4.800650936E0,4.121714951E-5,3.215874607E-5
4.841334418E0,4.110873842E-5,3.177855134E-5
4.882017901E0,4.103168090E-5,3.150005586E-5
4.922701383E0,4.090838038E-5,3.145049418E-5
4.963384866E0,4.095474360E-5,3.131169630E-5
5.004068348E0,4.099431895E-5,3.141735666E-5
5.044751831E0,4.107767033E-5,3.173659008E-5
5.085435313E0,4.111207660E-5,3.179227311E-5
5.126118796E0,4.115840203E-5,3.166024004E-5
5.166802278E0,4.120864287E-5,3.163903633E-5
5.207485761E0,4.079370101E-5,3.126666245E-5
5.248169243E0,4.085499152E-5,3.118154643E-5
5.288852726E0,4.066980803E-5,3.130095161E-5
5.329536208E0,4.072547841E-5,3.131349688E-5
5.370219691E0,4.107381175E-5,3.161636166E-5
5.410903173E0,4.149135366E-5,3.137494834E-5
5.451586656E0,4.119346894E-5,3.145690929E-5
5.492270138E0,4.123149100E-5,3.193265849E-5
5.532953621E0,4.126786283E-5,3.207993568E-5
5.573637103E0,4.150303648E-5,3.210088444E-5
5.614320586E0,4.146327907E-5,3.232564457E-5
5.655004068E0,4.154715816E-5,3.264173546E-5
5.695687551E0,4.155504194E-5,3.271672900E-5
5.736371033E0,4.153117223E-5,3.278991075E-5
5.777054516E0,4.186372983E-5,3.284445605E-5
5.817737998E0,4.230001946E-5,3.293537966E-5
5.858421481E0,4.242994221E-5,3.323950565E-5
5.899104963E0,4.244818757E-5,3.275502489E-5
5.939788446E0,4.229997062E-5,3.272073202E-5
5.980471928E0,4.229040473E-5,3.309954268E-5
6.021155411E0,4.232107366E-5,3.331125071E-5
6.061838893E0,4.206934059E-5,3.323107300E-5
6.102522376E0,4.257494329E-5,3.323837508E-5
6.143205858E0,4.257791843E-5,3.309077720E-5
6.183889341E0,4.257741825E-5,3.307045694E-5
6.224572823E0,4.228357075E-5,3.325095580E-5
6.265256306E0,4.212998867E-5,3.310586479E-5
6.305939788E0,4.198054388E-5,3.281712240E-5
6.346623271E0,4.187510336E-5,3.285129994E-5
6.387306753E0,4.170796417E-5,3.276813495E-5
6.427990236E0,4.169476109E-5,3.264479544E-5
6.468673718E0,4.162931383E-5,3.266252054E-5
6.509357201E0,4.128694233E-5,3.279938757E-5
6.550040683E0,4.122858908E-5,3.264178702E-5
6.590724166E0,4.111148520E-5,3.244839196E-5
6.631407648E0,4.185674921E-5,3.224111969E-5
6.672091131E0,4.183182647E-5,3.234743062E-5
6.712774614E0,4.200012200E-5,3.263681376E-5
6.753458096E0,4.187639889E-5,3.268711883E-5
6.794141579E0,4.211795364E-5,3.257381080E-5
6.834825061E0,4.246726245E-5,3.255403839E-5
6.875508544E0,4.246236339E-5,3.220666312E-5
6.916192026E0,4.227416849E-5,3.221680592E-5
6.956875509E0,4.269760656E-5,3.235661108E-5
6.997558991E0,4.241496841E-5,3.258317717E-5
7.038242474E0,4.245948034E-5,3.250432860E-5
7.078925956E0,4.200526106E-5,3.280923163E-5
7.119609439E0,4.206282094E-5,3.297655075E-5
7.160292921E0,4.167962050E-5,3.295988862E-5
7.200976404E0,4.177559858E-5,3.312150050E-5
7.241659886E0,4.199288103E-5,3.300490053E-5
7.282343369E0,4.217048039E-5,3.279089214E-5
7.323026851E0,4.228999216E-5,3.296089751E-5
7.363710334E0,4.219064080E-5,3.312053577E-5
7.404393816E0,4.199709261E-5,3.305528023E-5
7.445077299E0,4.170357190E-5,3.278044144E-5
7.485760781E0,4.200462275E-5,3.295208689E-5
7.526444264E0,4.219001447E-5,3.322522015E-5
7.567127746E0,4.228466000E-5,3.370845905E-5
7.607811229E0,4.247912079E-5,3.399323863E-5
7.648494711E0,4.305172349E-5,3.433285578E-5
7.689178194E0,4.311406508E-5,3.455866605E-5
7.729861676E0,4.290861292E-5,3.490871877E-5
7.770545159E0,4.326470006E-5,3.486391713E-5
7.811228641E0,4.332199254E-5,3.447124832E-5
7.851912124E0,4.347635757E-5,3.404468204E-5
7.892595606E0,4.363939107E-5,3.431071574E-5
7.933279089E0,4.384076168E-5,3.424615672E-5
7.973962571E0,4.394982662E-5,3.416683697E-5
8.014646054E0,4.395413123E-5,3.385190116E-5
8.055329536E0,4.379134404E-5,3.383472649E-5
8.096013019E0,4.407155134E-5,3.364078585E-5
8.136696501E0,4.406854525E-5,3.356630333E-5
8.177379984E0,4.414760748E-5,3.340082931E-5
8.218063466E0,4.468544808E-5,3.378442877E-5
8.258746949E0,4.469483572E-5,3.350470423E-5
8.299430431E0,4.460092352E-5,3.337312705E-5
8.340113914E0,4.423775463E-5,3.339245724E-5
8.380797396E0,4.410446013E-5,3.327122667E-5
8.421480879E0,4.398553126E-5,3.336864068E-5
8.462164361E0,4.427490626E-5,3.367816750E-5
8.502847844E0,4.502083438E-5,3.356353308E-5
8.543531326E0,4.518644495E-5,3.325657445E-5
8.584214809E0,4.516245267E-5,3.293883291E-5
8.624898291E0,4.472862156E-5,3.295108231E-5
8.665581774E0,4.459841554E-5,3.285137222E-5
8.706265256E0,4.493328371E-5,3.289322536E-5
8.746948739E0,4.483155595E-5,3.334195423E-5
8.787632221E0,4.440937939E-5,3.357032780E-5
8.828315704E0,4.453118461E-5,3.341862560E-5
8.868999186E0,4.421311759E-5,3.368580480E-5
8.909682669E0,4.425746848E-5,3.386246655E-5
8.950366151E0,4.410871055E-5,3.384673983E-5
8.991049634E0,4.428611115E-5,3.366183248E-5
9.031733116E0,4.436215457E-5,3.382530636E-5
9.072416599E0,4.455461969E-5,3.398164884E-5
9.113100081E0,4.435997442E-5,3.360050771E-5
9.153783564E0,4.425437850E-5,3.355964309E-5
9.194467046E0,4.409644391E-5,3.363500876E-5
9.235150529E0,4.390170989E-5,3.374114739E-5
9.275834011E0,4.358740694E-5,3.374646632E-5
9.316517494E0,4.378706347E-5,3.380553200E-5
9.357200976E0,4.401597259E-5,3.338425497E-5
9.397884459E0,4.392224070E-5,3.329221061E-5
9.438567941E0,4.403507339E-5,3.323042990E-5
9.479251424E0,4.405230115E-5,3.343571371E-5
9.519934906E0,4.414616776E-5,3.371702854E-5
9.560618389E0,4.443236495E-5,3.388324606E-5
9.601301871E0,4.483411701E-5,3.371589826E-5
9.641985354E0,4.484034427E-5,3.400315141E-5
9.682668836E0,4.482448422E-5,3.402981097E-5
9.723352319E0,4.453035535E-5,3.387296578E-5
9.764035801E0,4.423692154E-5,3.416600671E-5
9.804719284E0,4.456960157E-5,3.417038787E-5
9.845402766E0,4.428144659E-5,3.468653643E-5
9.886086249E0,4.396172782E-5,3.473045148E-5
9.926769731E0,4.409837189E-5,3.460053919E-5
9.967453214E0,4.396656331E-5,3.489153726E-5
1.000813670E1,4.404212242E-5,3.508856291E-5
1.004882018E1,4.373997197E-5,3.498251005E-5
1.008950366E1,4.396536430E-5,3.523351664E-5
1.013018714E1,4.364774440E-5,3.523616264E-5
1.017087063E1,4.318513869E-5,3.551540890E-5
1.021155411E1,4.319399445E-5,3.569380995E-5
1.025223759E1,4.365165017E-5,3.600097225E-5
1.029292107E1,4.425419164E-5,3.609880232E-5
1.033360456E1,4.413045251E-5,3.611919625E-5
1.037428804E1,4.416074572E-5,3.553533770E-5
1.041497152E1,4.429901574E-5,3.546824852E-5
1.045565500E1,4.427411528E-5,3.567479137E-5
1.049633849E1,4.422218426E-5,3.536444136E-5
1.053702197E1,4.394072609E-5,3.521782905E-5
1.057770545E1,4.332697720E-5,3.518719298E-5
1.061838893E1,4.320572904E-5,3.490240008E-5
1.065907242E1,4.333667626E-5,3.492631120E-5
1.069975590E1,4.346698245E-5,3.537417256E-5
1.074043938E1,4.349689924E-5,3.547884630E-5
1.078112286E1,4.363262954E-5,3.523192072E-5
1.082180635E1,4.375171263E-5,3.534407965E-5
1.086248983E1,4.384208380E-5,3.507592771E-5
1.090317331E1,4.413823834E-5,3.502984000E-5
1.094385679E1,4.381425509E-5,3.442824327E-5
1.098454028E1,4.380840358E-5,3.430976403E-5
1.102522376E1,4.387501160E-5,3.454271350E-5
1.106590724E1,4.382673299E-5,3.472745448E-5
1.110659072E1,4.405584962E-5,3.465096703E-5
1.114727421E1,4.408795091E-5,3.445600394E-5
1.118795769E1,4.409347105E-5,3.468169421E-5
1.122864117E1,4.432873025E-5,3.457310662E-5
1.126932465E1,4.432873025E-5,3.453539761E-5
1.131000814E1,4.447956629E-5,3.461081563E-5
1.135069162E1,4.455498431E-5,3.495019672E-5
1.139137510E1,4.440414827E-5,3.513874177E-5
1.143205858E1,4.417789421E-5,3.525186880E-5
1.147274207E1,4.392259631E-5,3.550359444E-5
1.151342555E1,4.375261856E-5,3.539182547E-5
1.155410903E1,4.346926444E-5,3.511259258E-5
1.159479251E1,4.347553185E-5,3.459610471E-5
1.163547600E1,4.348793885E-5,3.472815654E-5
1.167615948E1,4.399538242E-5,3.489995489E-5
1.171684296E1,4.377537669E-5,3.477948304E-5
1.175752644E1,4.434291622E-5,3.476321872E-5
1.179820993E1,4.463040233E-5,3.495019672E-5
1.183889341E1,4.444664996E-5,3.481346946E-5
1.187957689E1,4.482644388E-5,3.469761899E-5
1.192026037E1,4.451477772E-5,3.523313200E-5
1.196094386E1,4.433567024E-5,3.505902458E-5
1.200162734E1,4.414739518E-5,3.494925033E-5
1.204231082E1,4.387933086E-5,3.500928191E-5
1.208299430E1,4.390554741E-5,3.528155228E-5
1.212367779E1,4.361548592E-5,3.521095274E-5
1.216436127E1,4.322712031E-5,3.501524950E-5
1.220504475E1,4.317336382E-5,3.511881543E-5
1.224572823E1,4.348097569E-5,3.523737849E-5
1.228641172E1,4.334829599E-5,3.487477870E-5
1.232709520E1,4.323516896E-5,3.461081563E-5
1.236777868E1,4.313351141E-5,3.380588898E-5
1.240846216E1,4.336888458E-5,3.349454348E-5
1.244914565E1,4.327045732E-5,3.326051255E-5
1.248982913E1,4.301436796E-5,3.313116360E-5
1.253051261E1,4.273987699E-5,3.337185241E-5
1.257119609E1,4.266838945E-5,3.334013798E-5
1.261187958E1,4.250944917E-5,3.368967490E-5
1.265256306E1,4.217931669E-5,3.351725434E-5
1.269324654E1,4.221702570E-5,3.415830751E-5
1.273393002E1,4.214160768E-5,3.423372553E-5
1.277461351E1,4.285807887E-5,3.427143454E-5
1.281529699E1,4.278266085E-5,3.396976246E-5
1.285598047E1,4.285807887E-5,3.400747147E-5
1.289666395E1,4.266953382E-5,3.434685256E-5
1.293734744E1,4.293349689E-5,3.495019672E-5
1.297803092E1,4.255640679E-5,3.495019672E-5
1.301871440E1,4.300891490E-5,3.445997959E-5
1.305939788E1,4.282036986E-5,3.423372553E-5
1.310008137E1,4.293349689E-5,3.442227058E-5
1.314076485E1,4.282036986E-5,3.464852464E-5
1.318144833E1,4.274495184E-5,3.472394266E-5
1.322213181E1,4.266953382E-5,3.461081563E-5
1.326281530E1,4.266953382E-5,3.498790573E-5
1.330349878E1,4.263182481E-5,3.476165167E-5
1.334418226E1,4.266953382E-5,3.491248771E-5
1.338486574E1,4.289578788E-5,3.487477870E-5
1.342554923E1,4.259804630E-5,3.490331203E-5
1.346623271E1,4.282114090E-5,3.509107180E-5
1.350691619E1,4.283096664E-5,3.494545883E-5
1.354759967E1,4.306948033E-5,3.486588021E-5
1.358828316E1,4.320136547E-5,3.487696751E-5
1.362896664E1,4.321414937E-5,3.415293778E-5
1.366965012E1,4.344717603E-5,3.441245069E-5
1.371033360E1,4.340031409E-5,3.410830344E-5
1.375101709E1,4.327800595E-5,3.386736768E-5
1.379170057E1,4.310164855E-5,3.338444192E-5
1.383238405E1,4.308433292E-5,3.329100028E-5
1.387306753E1,4.308433292E-5,3.363038137E-5
1.391375102E1,4.340860686E-5,3.333834191E-5
1.395443450E1,4.387015615E-5,3.336363854E-5
1.399511798E1,4.428121114E-5,3.306762834E-5
1.403580146E1,4.439794836E-5,3.294601393E-5
1.407648495E1,4.444392474E-5,3.334134268E-5
1.411716843E1,4.489502201E-5,3.299138831E-5
1.415785191E1,4.504927666E-5,3.284854437E-5
1.419853539E1,4.490724845E-5,3.295293975E-5
1.423921888E1,4.489436540E-5,3.287620117E-5
1.427990236E1,4.476645782E-5,3.297858383E-5
1.432058584E1,4.475739735E-5,3.324172333E-5
1.436126932E1,4.480551501E-5,3.301602449E-5
1.440195281E1,4.472510890E-5,3.239394897E-5
1.444263629E1,4.478123837E-5,3.197118493E-5
1.448331977E1,4.527275855E-5,3.202918915E-5
1.452400325E1,4.563005762E-5,3.206095993E-5
1.456468674E1,4.599284087E-5,3.235151446E-5
1.460537022E1,4.623640446E-5,3.214990246E-5
1.464605370E1,4.706116890E-5,3.185805030E-5
1.468673718E1,4.703558604E-5,3.197874712E-5
1.472742067E1,4.677218793E-5,3.192328398E-5
1.476810415E1,4.685523391E-5,3.212202097E-5
1.480878763E1,4.672912016E-5,3.227164042E-5
1.484947111E1,4.711784393E-5,3.241758831E-5
1.489015460E1,4.757170510E-5,3.231056602E-5
1.493083808E1,4.705182867E-5,3.250855039E-5
1.497152156E1,4.710836195E-5,3.261941335E-5
1.501220504E1,4.715690599E-5,3.238598404E-5
1.505288853E1,4.729767487E-5,3.251227067E-5
1.509357201E1,4.763604640E-5,3.268130757E-5
1.513425549E1,4.775258180E-5,3.283651116E-5
1.517493897E1,4.811599848E-5,3.283308170E-5
1.521562246E1,4.754267860E-5,3.302711799E-5
1.525630594E1,4.733425554E-5,3.269183019E-5
1.529698942E1,4.707500756E-5,3.284732008E-5
1.533767290E1,4.707153299E-5,3.324217475E-5
1.537835639E1,4.711353933E-5,3.328042184E-5
1.541903987E1,4.674169967E-5,3.302514835E-5
1.545972335E1,4.669369243E-5,3.324733351E-5
1.550040683E1,4.638178384E-5,3.331714663E-5
1.554109032E1,4.626570167E-5,3.310757879E-5
1.558177380E1,4.640773389E-5,3.334304166E-5
1.562245728E1,4.659985587E-5,3.329581430E-5
1.566314076E1,4.659127085E-5,3.355496335E-5
1.570382425E1,4.667704335E-5,3.400282077E-5
1.574450773E1,4.644666667E-5,3.428958568E-5
1.578519121E1,4.668203382E-5,3.415731227E-5
1.582587469E1,4.641277288E-5,3.398543349E-5
1.586655818E1,4.619921219E-5,3.382714505E-5
1.590724166E1,4.613876273E-5,3.351725434E-5
1.594792514E1,4.606334471E-5,3.310245523E-5
1.598860862E1,4.617743313E-5,3.268681680E-5
1.602929211E1,4.595021768E-5,3.249911107E-5
1.606997559E1,4.595701478E-5,3.252795361E-5
1.611065907E1,4.596797369E-5,3.223395217E-5
1.615134255E1,4.588031398E-5,3.220543136E-5
1.619202604E1,4.574193056E-5,3.218497561E-5
1.623270952E1,4.551978528E-5,3.222988827E-5
1.627339300E1,4.536166473E-5,3.220499256E-5
1.631407648E1,4.549962373E-5,3.211418709E-5
1.635475997E1,4.516566753E-5,3.180863359E-5
1.639544345E1,4.490569313E-5,3.157939672E-5
1.643612693E1,4.485665639E-5,3.151867682E-5
1.647681041E1,4.501560131E-5,3.176185783E-5
1.651749390E1,4.492009374E-5,3.208795127E-5
1.655817738E1,4.480298993E-5,3.211591684E-5
1.659886086E1,4.495749095E-5,3.200568370E-5
1.663954434E1,4.485646691E-5,3.192762932E-5
1.668022783E1,4.486086924E-5,3.167468644E-5
1.672091131E1,4.506348292E-5,3.145999107E-5
1.676159479E1,4.503521020E-5,3.124859202E-5
1.680227828E1,4.510903138E-5,3.104336356E-5
1.684296176E1,4.512136796E-5,3.127706771E-5
1.688364524E1,4.527689881E-5,3.111366313E-5
1.692432872E1,4.542745653E-5,3.080873360E-5
1.696501221E1,4.559566267E-5,3.053454774E-5
1.700569569E1,4.549900114E-5,3.088754847E-5
1.704637917E1,4.549150822E-5,3.078332384E-5
1.708706265E1,4.590554290E-5,3.104440482E-5
1.712774614E1,4.588911089E-5,3.076992723E-5
1.716842962E1,4.600298777E-5,3.031343248E-5
1.720911310E1,4.592375742E-5,3.057750303E-5
1.724979658E1,4.577092225E-5,3.027954346E-5
1.729048007E1,4.585366232E-5,3.017847930E-5
1.733116355E1,4.621418075E-5,2.982177137E-5
1.737184703E1,4.653196125E-5,2.975526947E-5
1.741253051E1,4.675672767E-5,2.956541935E-5
1.745321400E1,4.625124071E-5,3.012543645E-5
1.749389748E1,4.601893961E-5,2.999462024E-5
1.753458096E1,4.595021768E-5,2.985948038E-5
1.757526444E1,4.565329977E-5,2.984107973E-5
1.761594793E1,4.569366850E-5,2.999485313E-5
1.765663141E1,4.521898715E-5,2.964690273E-5
1.769731489E1,4.515031133E-5,2.922897963E-5
1.773799837E1,4.544665902E-5,2.931280029E-5
1.777868186E1,4.561696213E-5,2.928122799E-5
1.781936534E1,4.541007701E-5,2.943213893E-5
1.786004882E1,4.545967775E-5,2.958877334E-5
1.790073230E1,4.568083911E-5,2.930166618E-5
1.794141579E1,4.563451035E-5,2.911791870E-5
1.798209927E1,4.535232549E-5,2.913151749E-5
1.802278275E1,4.570795446E-5,2.971903313E-5
1.806346623E1,4.565470784E-5,2.969715851E-5
1.810414972E1,4.550439358E-5,2.985011220E-5
1.814483320E1,4.598792669E-5,3.001031642E-5
1.818551668E1,4.553311039E-5,2.968678127E-5
1.822620016E1,4.561083659E-5,2.936926325E-5
1.826688365E1,4.546288680E-5,2.981104913E-5
1.830756713E1,4.543208044E-5,3.012412000E-5
1.834825061E1,4.499970294E-5,2.999640010E-5
1.838893409E1,4.515708259E-5,2.970201089E-5
1.842961758E1,4.512256560E-5,2.979992019E-5
1.847030106E1,4.500346521E-5,2.966401686E-5
1.851098454E1,4.480930626E-5,2.988699905E-5
1.855166802E1,4.452735537E-5,2.994727842E-5
1.859235151E1,4.503959121E-5,2.973505780E-5
1.863303499E1,4.521431041E-5,2.955645957E-5
1.867371847E1,4.487101130E-5,2.969221624E-5
1.871440195E1,4.478637818E-5,2.964461545E-5
1.875508544E1,4.456657986E-5,2.965557010E-5
1.879576892E1,4.483631381E-5,2.951674276E-5
1.883645240E1,4.508086131E-5,2.962268955E-5
1.887713588E1,4.497809448E-5,2.944325684E-5
1.891781937E1,4.528637298E-5,2.984064948E-5
1.895850285E1,4.553541857E-5,3.061366058E-5
1.899918633E1,4.555188677E-5,3.031126740E-5
1.903986981E1,4.565350342E-5,3.012838054E-5
1.908055330E1,4.587190235E-5,3.017114213E-5
1.912123678E1,4.627175313E-5,3.032825091E-5
1.916192026E1,4.618819676E-5,3.003257494E-5
1.920260374E1,4.643016317E-5,3.001072172E-5
1.924328723E1,4.653448500E-5,2.982462303E-5
1.928397071E1,4.670439788E-5,2.982177137E-5
1.932465419E1,4.712553664E-5,2.995710914E-5
1.936533767E1,4.741788739E-5,3.018115454E-5
1.940602116E1,4.714108286E-5,3.032268544E-5
1.944670464E1,4.717334333E-5,3.057647433E-5
1.948738812E1,4.722005605E-5,3.098511833E-5
1.952807160E1,4.697158926E-5,3.088590487E-5
1.956875509E1,4.689539327E-5,3.087454805E-5
1.960943857E1,4.623086868E-5,3.076782579E-5
1.965012205E1,4.596274726E-5,3.057119171E-5
1.969080553E1,4.645295811E-5,3.045166557E-5
1.973148902E1,4.655552887E-5,3.021852566E-5
1.977217250E1,4.645637822E-5,3.042530263E-5
1.981285598E1,4.652711897E-5,3.026134555E-5
1.985353946E1,4.627917962E-5,3.022319693E-5
1.989422295E1,4.608320021E-5,3.015978021E-5
1.993490643E1,4.593549715E-5,3.003812957E-5
1.997558991E1,4.568164053E-5,2.982557893E-5
2.001627339E1,4.569344877E-5,2.999659023E-5
2.005695688E1,4.561222476E-5,3.000009406E-5
2.009764036E1,4.515649611E-5,3.015033777E-5
2.013832384E1,4.456986035E-5,3.024718224E-5
2.017900732E1,4.452441542E-5,3.042075753E-5
2.021969081E1,4.431447621E-5,3.041637899E-5
2.026037429E1,4.446020530E-5,3.042595385E-5
2.030105777E1,4.457830780E-5,3.094299980E-5
2.034174125E1,4.443735076E-5,3.104319830E-5
2.038242474E1,4.427170906E-5,3.131419729E-5
2.042310822E1,4.445441886E-5,3.131980065E-5
2.046379170E1,4.428785897E-5,3.132317898E-5
2.050447518E1,4.416161970E-5,3.121122220E-5
2.054515867E1,4.402957362E-5,3.181644074E-5
2.058584215E1,4.374313810E-5,3.204799479E-5
2.062652563E1,4.353487162E-5,3.209396610E-5
2.066720911E1,4.382519633E-5,3.238205097E-5
2.070789260E1,4.395517698E-5,3.280154663E-5
2.074857608E1,4.413556014E-5,3.271237733E-5
2.078925956E1,4.414735937E-5,3.281812315E-5
2.082994304E1,4.429040810E-5,3.271169981E-5
2.087062653E1,4.382629636E-5,3.255019682E-5
2.091131001E1,4.385944879E-5,3.238536674E-5
2.095199349E1,4.386807666E-5,3.209235803E-5
2.099267697E1,4.408188546E-5,3.209045462E-5
2.103336046E1,4.430958972E-5,3.191155306E-5
2.107404394E1,4.430185529E-5,3.150610778E-5
2.111472742E1,4.423073943E-5,3.150531355E-5
2.115541090E1,4.429411974E-5,3.128452982E-5
2.119609439E1,4.424225486E-5,3.088305799E-5
2.123677787E1,4.431853746E-5,3.100288744E-5
2.127746135E1,4.456212733E-5,3.116420272E-5
2.131814483E1,4.471754069E-5,3.118445279E-5
2.135882832E1,4.473669893E-5,3.114217025E-5
2.139951180E1,4.461261331E-5,3.088036456E-5
2.144019528E1,4.521231601E-5,3.060442716E-5
2.148087876E1,4.520796872E-5,3.069393389E-5
2.152156225E1,4.514688811E-5,3.030495081E-5
2.156224573E1,4.457942435E-5,2.980945467E-5
2.160292921E1,4.431348791E-5,2.939637318E-5
2.164361269E1,4.428926436E-5,2.913441883E-5
2.168429618E1,4.423022763E-5,2.894940700E-5
2.172497966E1,4.435509802E-5,2.936768649E-5
2.176566314E1,4.398574736E-5,2.958014449E-5
2.180634662E1,4.445038295E-5,2.965142638E-5
2.184703011E1,4.471953482E-5,2.964042405E-5
2.188771359E1,4.462061783E-5,2.967568148E-5
2.192839707E1,4.478128618E-5,2.909295090E-5
2.196908055E1,4.479451573E-5,2.946215978E-5
2.200976404E1,4.485968042E-5,2.919880920E-5
2.205044752E1,4.489436540E-5,2.910530018E-5
2.209113100E1,4.492005113E-5,2.925086200E-5
2.213181448E1,4.449511298E-5,2.919605242E-5
2.217249797E1,4.416497770E-5,2.950069921E-5
2.221318145E1,4.428746695E-5,2.956977340E-5
2.225386493E1,4.415386757E-5,2.941737740E-5
2.229454841E1,4.414018520E-5,2.914300919E-5
2.233523190E1,4.444408823E-5,2.908708216E-5
2.237591538E1,4.429366599E-5,2.897882092E-5
2.241659886E1,4.444399515E-5,2.897634420E-5
2.245728234E1,4.415239309E-5,2.856503668E-5
2.249796583E1,4.397986402E-5,2.831657016E-5
2.253864931E1,4.385004828E-5,2.772277008E-5
2.257933279E1,4.368767708E-5,2.771006682E-5
2.262001627E1,4.369302587E-5,2.772168170E-5
2.266069976E1,4.338948936E-5,2.781879378E-5
2.270138324E1,4.315975094E-5,2.767235781E-5
2.274206672E1,4.344408135E-5,2.744460577E-5
2.278275020E1,4.363812725E-5,2.736288815E-5
2.282343369E1,4.362226512E-5,2.750375066E-5
2.286411717E1,4.375819278E-5,2.722577674E-5
2.290480065E1,4.343989382E-5,2.696577281E-5
2.294548413E1,4.349913203E-5,2.676734157E-5
2.298616762E1,4.320476519E-5,2.662575539E-5
2.302685110E1,4.338310597E-5,2.658026855E-5
2.306753458E1,4.334849370E-5,2.676380940E-5
2.310821806E1,4.316479832E-5,2.676598953E-5
2.314890155E1,4.324611097E-5,2.677623146E-5
2.318958503E1,4.331281049E-5,2.708383504E-5
2.323026851E1,4.312313218E-5,2.692271857E-5
2.327095199E1,4.286902112E-5,2.697908869E-5
2.331163548E1,4.304838287E-5,2.668293611E-5
2.335231896E1,4.274074470E-5,2.693723605E-5
2.339300244E1,4.273561652E-5,2.698107333E-5
2.343368592E1,4.277627977E-5,2.726057591E-5
2.347436941E1,4.262620549E-5,2.767188224E-5
2.351505289E1,4.244844846E-5,2.782220468E-5
2.355573637E1,4.258256028E-5,2.812891891E-5
2.359641985E1,4.243378138E-5,2.849968578E-5
2.363710334E1,4.242073227E-5,2.854270111E-5
2.367778682E1,4.235903304E-5,2.876143970E-5
2.371847030E1,4.241750814E-5,2.902834311E-5
2.375915378E1,4.260552232E-5,2.943713982E-5
2.379983727E1,4.242535098E-5,2.924912214E-5
2.384052075E1,4.218880400E-5,2.921364691E-5
2.388120423E1,4.212435938E-5,2.958737752E-5
2.392188771E1,4.216911921E-5,2.956763854E-5
2.396257120E1,4.228695662E-5,2.941694693E-5
2.400325468E1,4.222927157E-5,2.920126344E-5
2.404393816E1,4.210832850E-5,2.892361707E-5
2.408462164E1,4.188726639E-5,2.875539445E-5
2.412530513E1,4.194511869E-5,2.843566349E-5
2.416598861E1,4.233646416E-5,2.795331046E-5
2.420667209E1,4.265254948E-5,2.793779738E-5
2.424735557E1,4.301502580E-5,2.796636948E-5
2.428803906E1,4.269377130E-5,2.754019207E-5
2.432872254E1,4.251588682E-5,2.746053314E-5
2.436940602E1,4.289876766E-5,2.733488118E-5
2.441008950E1,4.294313745E-5,2.734173891E-5
2.445077299E1,4.348002950E-5,2.689382283E-5
2.449145647E1,4.354252959E-5,2.702084541E-5
2.453213995E1,4.352120714E-5,2.722800284E-5
2.457282343E1,4.348753386E-5,2.724726866E-5
2.461350692E1,4.327778893E-5,2.708448338E-5
2.465419040E1,4.292167727E-5,2.723488482E-5
2.469487388E1,4.328699894E-5,2.688167349E-5
2.473555736E1,4.335066719E-5,2.706895560E-5
2.477624085E1,4.335216346E-5,2.671358836E-5
2.481692433E1,4.313759200E-5,2.645813537E-5
2.485760781E1,4.298784850E-5,2.645809819E-5
2.489829129E1,4.282767675E-5,2.623394045E-5
2.493897478E1,4.314076298E-5,2.632526515E-5
2.497965826E1,4.292032823E-5,2.615373424E-5
2.502034174E1,4.322669742E-5,2.633515405E-5
2.506102522E1,4.351294540E-5,2.675384013E-5
2.510170871E1,4.363645829E-5,2.665597321E-5
2.514239219E1,4.344801721E-5,2.686631901E-5
2.518307567E1,4.330916915E-5,2.689101093E-5
2.522375915E1,4.307877232E-5,2.688385994E-5
2.526444264E1,4.307376693E-5,2.681768867E-5
2.530512612E1,4.289220961E-5,2.664266534E-5
2.534580960E1,4.302985833E-5,2.661528146E-5
2.538649308E1,4.356067696E-5,2.692990332E-5
2.542717657E1,4.347965976E-5,2.726568464E-5
2.546786005E1,4.337371419E-5,2.725356705E-5
2.550854353E1,4.327945961E-5,2.703828078E-5
2.554922701E1,4.347939878E-5,2.692353949E-5
2.558991050E1,4.330885108E-5,2.693432054E-5
2.563059398E1,4.332470188E-5,2.708396175E-5
2.567127746E1,4.376561193E-5,2.711201662E-5
2.571196094E1,4.396093963E-5,2.706929596E-5
2.575264443E1,4.422081313E-5,2.691495926E-5
2.579332791E1,4.412515279E-5,2.680570032E-5
2.583401139E1,4.388229783E-5,2.682852593E-5
2.587469487E1,4.427315741E-5,2.660514246E-5
2.591537836E1,4.427888297E-5,2.663831371E-5
2.595606184E1,4.428423016E-5,2.681167014E-5
2.599674532E1,4.458491806E-5,2.689803785E-5
2.603742880E1,4.505401013E-5,2.675777836E-5
2.607811229E1,4.489256407E-5,2.680058370E-5
2.611879577E1,4.500351001E-5,2.677394422E-5
2.615947925E1,4.482857926E-5,2.694649959E-5
2.620016273E1,4.481895861E-5,2.698874399E-5
2.624084622E1,4.475139348E-5,2.669376809E-5
2.628152970E1,4.496370217E-5,2.661090735E-5
2.632221318E1,4.525093565E-5,2.600900416E-5
2.636289666E1,4.500253127E-5,2.571349468E-5
2.640358015E1,4.499081542E-5,2.574549383E-5
2.644426363E1,4.466689553E-5,2.553939254E-5
2.648494711E1,4.469290520E-5,2.586382152E-5
2.652563059E1,4.491584554E-5,2.597656337E-5
2.656631408E1,4.480443916E-5,2.589656871E-5
2.660699756E1,4.498707570E-5,2.568521835E-5
2.664768104E1,4.500997749E-5,2.550804146E-5
2.668836452E1,4.484315350E-5,2.508594073E-5
2.672904801E1,4.496498306E-5,2.481389906E-5
2.676973149E1,4.493450011E-5,2.452704371E-5
2.681041497E1,4.485337903E-5,2.465351301E-5
2.685109845E1,4.471562840E-5,2.439809344E-5
2.689178194E1,4.488052849E-5,2.465926212E-5
2.693246542E1,4.486201399E-5,2.453730873E-5
2.697314890E1,4.483957137E-5,2.444380948E-5
2.701383238E1,4.526797585E-5,2.446369309E-5
2.705451587E1,4.542283433E-5,2.428647283E-5
2.709519935E1,4.522888526E-5,2.408671685E-5
2.713588283E1,4.502578882E-5,2.406435238E-5
2.717656631E1,4.513914874E-5,2.425360303E-5
2.721724980E1,4.507891287E-5,2.432192903E-5
2.725793328E1,4.498346548E-5,2.409696719E-5
2.729861676E1,4.478916689E-5,2.391710226E-5
2.733930024E1,4.471731933E-5,2.362523152E-5
2.737998373E1,4.419747775E-5,2.391107387E-5
2.742066721E1,4.399315843E-5,2.424620977E-5
2.746135069E1,4.379435596E-5,2.432763847E-5
2.750203417E1,4.396166179E-5,2.388073612E-5
2.754271766E1,4.394381118E-5,2.364497060E-5
2.758340114E1,4.370516008E-5,2.390272225E-5
2.762408462E1,4.353360901E-5,2.407101130E-5
2.766476810E1,4.363829852E-5,2.437483121E-5
2.770545159E1,4.386033445E-5,2.425192784E-5
2.774613507E1,4.396760937E-5,2.443458533E-5
2.778681855E1,4.411058580E-5,2.436369550E-5
2.782750203E1,4.407886020E-5,2.433420502E-5
2.786818552E1,4.398029941E-5,2.438876835E-5
2.790886900E1,4.397191568E-5,2.409456103E-5
2.794955248E1,4.407340227E-5,2.400941627E-5
2.799023596E1,4.368533419E-5,2.391027154E-5
2.803091945E1,4.388898269E-5,2.432597279E-5
2.807160293E1,4.369220121E-5,2.449778561E-5
2.811228641E1,4.334661036E-5,2.421314862E-5
2.815296989E1,4.324355263E-5,2.388629553E-5
2.819365338E1,4.275107682E-5,2.404857028E-5
2.823433686E1,4.231830763E-5,2.378015239E-5
2.827502034E1,4.223724282E-5,2.371705037E-5
2.831570382E1,4.234413649E-5,2.365188749E-5
2.835638731E1,4.260065711E-5,2.378487222E-5
2.839707079E1,4.245471600E-5,2.348119230E-5
2.843775427E1,4.308236484E-5,2.331039741E-5
2.847843775E1,4.290650556E-5,2.358811996E-5
2.851912124E1,4.255665892E-5,2.323086867E-5
2.855980472E1,4.213541954E-5,2.340880826E-5
2.860048820E1,4.262169284E-5,2.340683607E-5
2.864117168E1,4.338084225E-5,2.358835251E-5
2.868185517E1,4.331617988E-5,2.394539685E-5
2.872253865E1,4.344679126E-5,2.374627212E-5
2.876322213E1,4.339331751E-5,2.330355100E-5
2.880390561E1,4.337447848E-5,2.360097493E-5
2.884458910E1,4.304655250E-5,2.399143885E-5
2.888527258E1,4.301013589E-5,2.392399209E-5
2.892595606E1,4.308833740E-5,2.400532295E-5
2.896663954E1,4.292610591E-5,2.401240534E-5
2.900732303E1,4.273685552E-5,2.400336544E-5
2.904800651E1,4.260851642E-5,2.408054517E-5
2.908868999E1,4.271125370E-5,2.418331262E-5
2.912937347E1,4.268185873E-5,2.436858905E-5
2.917005696E1,4.274055967E-5,2.444510210E-5
2.921074044E1,4.237406293E-5,2.469653020E-5
2.925142392E1,4.229446225E-5,2.471441582E-5
2.929210740E1,4.205655014E-5,2.438407814E-5
2.933279089E1,4.192440989E-5,2.425361705E-5
2.937347437E1,4.231187204E-5,2.417417549E-5
2.941415785E1,4.235920173E-5,2.393649687E-5
2.945484133E1,4.252820214E-5,2.388541548E-5
2.949552482E1,4.256894411E-5,2.430895838E-5
2.953620830E1,4.280755685E-5,2.438771154E-5
2.957689178E1,4.279305846E-5,2.444317610E-5
2.961757526E1,4.302998818E-5,2.433084780E-5
2.965825875E1,4.325610877E-5,2.467196421E-5
2.969894223E1,4.325314530E-5,2.468418420E-5
2.973962571E1,4.362811189E-5,2.466713927E-5
2.978030919E1,4.413405151E-5,2.493896516E-5
2.982099268E1,4.442589750E-5,2.506551477E-5
2.986167616E1,4.465817255E-5,2.488292295E-5
2.990235964E1,4.460624920E-5,2.504802967E-5
2.994304312E1,4.454315397E-5,2.530662542E-5
2.998372661E1,4.464201582E-5,2.518617820E-5
3.002441009E1,4.514008684E-5,2.498184214E-5
3.006509357E1,4.504932967E-5,2.514382623E-5
3.010577705E1,4.486396925E-5,2.524870574E-5
3.014646054E1,4.472569017E-5,2.539792726E-5
3.018714402E1,4.474722409E-5,2.581301098E-5
3.022782750E1,4.489541757E-5,2.555875486E-5
3.026851098E1,4.439969813E-5,2.542315701E-5
3.030919447E1,4.498481033E-5,2.531162167E-5
3.034987795E1,4.503026707E-5,2.562209877E-5
3.039056143E1,4.513381872E-5,2.556481739E-5
3.043124491E1,4.530259390E-5,2.510464634E-5
3.047192840E1,4.518342761E-5,2.473465843E-5
3.051261188E1,4.489318202E-5,2.482997697E-5
3.055329536E1,4.503041146E-5,2.484669375E-5
3.059397884E1,4.506863384E-5,2.523496339E-5
3.063466233E1,4.500875556E-5,2.510738325E-5
3.067534581E1,4.480290735E-5,2.518717581E-5
3.071602929E1,4.529961080E-5,2.532382049E-5
3.075671277E1,4.532940092E-5,2.506778837E-5
3.079739626E1,4.498590747E-5,2.530299288E-5
3.083807974E1,4.475161864E-5,2.542333340E-5
3.087876322E1,4.470954847E-5,2.544007267E-5
3.091944670E1,4.482038077E-5,2.537780856E-5
3.096013019E1,4.493014964E-5,2.569600501E-5
3.100081367E1,4.499681423E-5,2.613853530E-5
3.104149715E1,4.512267100E-5,2.607556356E-5
3.108218063E1,4.493423100E-5,2.617271596E-5
3.112286412E1,4.452129512E-5,2.561867738E-5
3.116354760E1,4.428455743E-5,2.547085620E-5
3.120423108E1,4.426599394E-5,2.502591456E-5
3.124491456E1,4.434834635E-5,2.491491896E-5
3.128559805E1,4.437662630E-5,2.477664782E-5
3.132628153E1,4.401779048E-5,2.495488382E-5
3.136696501E1,4.385459572E-5,2.476532666E-5
3.140764849E1,4.360731900E-5,2.476160169E-5
3.144833198E1,4.358713247E-5,2.539799250E-5
3.148901546E1,4.350874828E-5,2.478799610E-5
3.152969894E1,4.376846160E-5,2.504257443E-5
3.157038242E1,4.335993827E-5,2.560673227E-5
3.161106591E1,4.321204204E-5,2.581348627E-5
3.165174939E1,4.304486180E-5,2.583621765E-5
3.169243287E1,4.286627687E-5,2.588751849E-5
3.173311635E1,4.281015739E-5,2.582272854E-5
3.177379984E1,4.239331173E-5,2.623601035E-5
3.181448332E1,4.244413820E-5,2.572004527E-5
3.185516680E1,4.256116154E-5,2.630270193E-5
3.189585028E1,4.261262886E-5,2.685467844E-5
3.193653377E1,4.275640437E-5,2.665297575E-5
3.197721725E1,4.296061975E-5,2.629338723E-5
3.201790073E1,4.276496575E-5,2.647004878E-5
3.205858421E1,4.278949410E-5,2.629584233E-5
3.209926770E1,4.305877514E-5,2.647890517E-5
3.213995118E1,4.288814869E-5,2.704348280E-5
