0.000000000E0,-1.108264409E-5,-2.442783489E-5
4.166666667E-2,-9.812332739E-6,-2.553451128E-5
8.333333333E-2,-1.014116295E-5,-2.535072916E-5
1.250000000E-1,-1.044943784E-5,-2.562805753E-5
1.666666667E-1,-1.039964869E-5,-2.532243893E-5
2.083333333E-1,-1.012776161E-5,-2.525501344E-5
2.500000000E-1,-1.011187023E-5,-2.515359624E-5
2.916666667E-1,-1.022218106E-5,-2.544721362E-5
3.333333333E-1,-1.022534081E-5,-2.514101355E-5
3.750000000E-1,-9.883057025E-6,-2.496357937E-5
4.166666667E-1,-9.519763804E-6,-2.465644600E-5
4.583333333E-1,-9.461283312E-6,-2.483780007E-5
5.000000000E-1,-9.191826653E-6,-2.495031851E-5
5.416666667E-1,-9.098137883E-6,-2.515163779E-5
5.833333333E-1,-8.923020447E-6,-2.536981688E-5
6.250000000E-1,-9.012480031E-6,-2.559153841E-5
6.666666667E-1,-8.907403937E-6,-2.538532706E-5
7.083333333E-1,-8.817016754E-6,-2.562285148E-5
7.500000000E-1,-8.635892426E-6,-2.569355437E-5
7.916666667E-1,-8.847112326E-6,-2.596620539E-5
8.333333333E-1,-8.879974599E-6,-2.623739068E-5
8.750000000E-1,-8.890981331E-6,-2.603856614E-5
9.166666667E-1,-9.185085095E-6,-2.622885218E-5
9.583333333E-1,-9.014240923E-6,-2.623591363E-5
1.000000000E0,-8.704344526E-6,-2.586692653E-5
1.041666667E0,-9.016908483E-6,-2.576456410E-5
1.083333333E0,-9.040131570E-6,-2.580963443E-5
1.125000000E0,-9.414843069E-6,-2.597725049E-5
1.166666667E0,-1.011668642E-5,-2.560519784E-5
1.208333333E0,-1.020372763E-5,-2.495049969E-5
1.250000000E0,-1.009302078E-5,-2.483570178E-5
1.291666667E0,-9.974961732E-6,-2.514172269E-5
1.333333333E0,-1.024750449E-5,-2.533359293E-5
1.375000000E0,-1.057756268E-5,-2.532031973E-5
1.416666667E0,-1.070838153E-5,-2.511833309E-5
1.458333333E0,-1.070587810E-5,-2.503046536E-5
1.500000000E0,-1.103196831E-5,-2.483900939E-5
1.541666667E0,-1.128697414E-5,-2.472986172E-5
1.583333333E0,-1.113904902E-5,-2.460828390E-5
1.625000000E0,-1.114332117E-5,-2.497864809E-5
1.666666667E0,-1.159313707E-5,-2.526890575E-5
1.708333333E0,-1.215775494E-5,-2.560135697E-5
1.750000000E0,-1.220059512E-5,-2.575793135E-5
1.791666667E0,-1.209830392E-5,-2.555229471E-5
1.833333333E0,-1.259132086E-5,-2.581311013E-5
1.875000000E0,-1.266481024E-5,-2.582803916E-5
1.916666667E0,-1.306026579E-5,-2.536860203E-5
1.958333333E0,-1.331646251E-5,-2.514980868E-5
2.000000000E0,-1.304043789E-5,-2.508430456E-5
2.041666667E0,-1.253492179E-5,-2.490947740E-5
2.083333333E0,-1.268349101E-5,-2.498410102E-5
2.125000000E0,-1.252976847E-5,-2.501836030E-5
2.166666667E0,-1.274097538E-5,-2.482246303E-5
2.208333333E0,-1.279251048E-5,-2.471014738E-5
2.250000000E0,-1.271008589E-5,-2.485166857E-5
2.291666667E0,-1.242264204E-5,-2.470830958E-5
2.333333333E0,-1.228355669E-5,-2.483289977E-5
2.375000000E0,-1.208749227E-5,-2.423448183E-5
2.416666667E0,-1.239845072E-5,-2.423134262E-5
2.458333333E0,-1.266768493E-5,-2.437347440E-5
2.500000000E0,-1.301340528E-5,-2.439583554E-5
2.541666667E0,-1.287004312E-5,-2.445913217E-5
2.583333333E0,-1.284240673E-5,-2.442748507E-5
2.625000000E0,-1.279923875E-5,-2.395008582E-5
2.666666667E0,-1.275635579E-5,-2.425228089E-5
2.708333333E0,-1.270859772E-5,-2.412499202E-5
2.750000000E0,-1.264788936E-5,-2.395098896E-5
2.791666667E0,-1.300237281E-5,-2.368350532E-5
2.833333333E0,-1.298553763E-5,-2.350773079E-5
2.875000000E0,-1.314705777E-5,-2.343373143E-5
2.916666667E0,-1.316408671E-5,-2.332022956E-5
2.958333333E0,-1.339339317E-5,-2.317091692E-5
3.000000000E0,-1.353200979E-5,-2.317852268E-5
3.041666667E0,-1.359547288E-5,-2.367748978E-5
3.083333333E0,-1.334880456E-5,-2.367950654E-5
3.125000000E0,-1.362948940E-5,-2.375480023E-5
3.166666667E0,-1.357451023E-5,-2.364768921E-5
3.208333333E0,-1.337194956E-5,-2.378017584E-5
3.250000000E0,-1.338667636E-5,-2.391866800E-5
3.291666667E0,-1.365821456E-5,-2.390805196E-5
3.333333333E0,-1.361498993E-5,-2.354916965E-5
3.375000000E0,-1.361849273E-5,-2.361092286E-5
3.416666667E0,-1.404109024E-5,-2.330538689E-5
3.458333333E0,-1.389439873E-5,-2.363129646E-5
3.500000000E0,-1.370566824E-5,-2.330346235E-5
3.541666667E0,-1.344493308E-5,-2.313541516E-5
3.583333333E0,-1.359858802E-5,-2.318786756E-5
3.625000000E0,-1.375353245E-5,-2.332914184E-5
3.666666667E0,-1.407023587E-5,-2.351624660E-5
3.708333333E0,-1.406912316E-5,-2.382697661E-5
3.750000000E0,-1.467047193E-5,-2.362394287E-5
3.791666667E0,-1.489542019E-5,-2.305446067E-5
3.833333333E0,-1.467720977E-5,-2.300571688E-5
3.875000000E0,-1.440383165E-5,-2.315421468E-5
3.916666667E0,-1.477539115E-5,-2.345262006E-5
3.958333333E0,-1.468317202E-5,-2.346777752E-5
4.000000000E0,-1.500522051E-5,-2.390164596E-5
4.041666667E0,-1.499634667E-5,-2.421859486E-5
4.083333333E0,-1.510698272E-5,-2.428794060E-5
4.125000000E0,-1.573607874E-5,-2.423926456E-5
4.166666667E0,-1.653265118E-5,-2.412221726E-5
4.208333333E0,-1.627320160E-5,-2.364044267E-5
4.250000000E0,-1.549419607E-5,-2.362449142E-5
4.291666667E0,-1.563070429E-5,-2.376648211E-5
4.333333333E0,-1.560584835E-5,-2.361054751E-5
4.375000000E0,-1.583203122E-5,-2.362334020E-5
4.416666667E0,-1.579413187E-5,-2.320740700E-5
4.458333333E0,-1.562061260E-5,-2.316780342E-5
4.500000000E0,-1.578171963E-5,-2.306658200E-5
4.541666667E0,-1.556513197E-5,-2.293199192E-5
4.583333333E0,-1.562168127E-5,-2.252592947E-5
4.625000000E0,-1.606578017E-5,-2.274293936E-5
4.666666667E0,-1.592079199E-5,-2.287872618E-5
4.708333333E0,-1.546855885E-5,-2.270682905E-5
4.750000000E0,-1.508090585E-5,-2.289476128E-5
4.791666667E0,-1.547762797E-5,-2.267984946E-5
4.833333333E0,-1.532303505E-5,-2.266951848E-5
4.875000000E0,-1.544101856E-5,-2.276490606E-5
4.916666667E0,-1.568212334E-5,-2.279493394E-5
4.958333333E0,-1.555096410E-5,-2.281514940E-5
5.000000000E0,-1.532038999E-5,-2.271911003E-5
5.041666667E0,-1.572683288E-5,-2.244373060E-5
5.083333333E0,-1.560683721E-5,-2.258912487E-5
5.125000000E0,-1.560837822E-5,-2.256390532E-5
5.166666667E0,-1.581308338E-5,-2.242377459E-5
5.208333333E0,-1.587436886E-5,-2.269078124E-5
5.250000000E0,-1.574912079E-5,-2.281187084E-5
5.291666667E0,-1.562465293E-5,-2.306392020E-5
5.333333333E0,-1.564613016E-5,-2.321352798E-5
5.375000000E0,-1.522467945E-5,-2.349804170E-5
5.416666667E0,-1.533922011E-5,-2.308152821E-5
5.458333333E0,-1.559640067E-5,-2.333849268E-5
5.500000000E0,-1.575733529E-5,-2.348469599E-5
5.541666667E0,-1.564336360E-5,-2.348999159E-5
5.583333333E0,-1.566899944E-5,-2.338069253E-5
5.625000000E0,-1.590064615E-5,-2.358030938E-5
5.666666667E0,-1.544369543E-5,-2.372476038E-5
5.708333333E0,-1.560495823E-5,-2.378299257E-5
5.750000000E0,-1.562253559E-5,-2.408826411E-5
5.791666667E0,-1.579318372E-5,-2.398503023E-5
5.833333333E0,-1.611431959E-5,-2.425507259E-5
5.875000000E0,-1.635111549E-5,-2.429186674E-5
5.916666667E0,-1.652865065E-5,-2.439377968E-5
5.958333333E0,-1.667902176E-5,-2.443186435E-5
6.000000000E0,-1.680005696E-5,-2.485518137E-5
6.041666667E0,-1.726578907E-5,-2.516853549E-5
6.083333333E0,-1.739018663E-5,-2.534858666E-5
6.125000000E0,-1.783910062E-5,-2.545788091E-5
6.166666667E0,-1.748040729E-5,-2.571898359E-5
6.208333333E0,-1.744713306E-5,-2.590368223E-5
6.250000000E0,-1.750532526E-5,-2.620606385E-5
6.291666667E0,-1.703788618E-5,-2.609274509E-5
6.333333333E0,-1.731219397E-5,-2.609689807E-5
6.375000000E0,-1.759328093E-5,-2.610738775E-5
6.416666667E0,-1.741213551E-5,-2.565413403E-5
6.458333333E0,-1.716847421E-5,-2.531606885E-5
6.500000000E0,-1.735225290E-5,-2.529149092E-5
6.541666667E0,-1.697575634E-5,-2.532072516E-5
6.583333333E0,-1.712222236E-5,-2.545174508E-5
6.625000000E0,-1.751326195E-5,-2.498437087E-5
6.666666667E0,-1.746428262E-5,-2.411534453E-5
6.708333333E0,-1.697305729E-5,-2.414291465E-5
6.750000000E0,-1.677912593E-5,-2.424972574E-5
6.791666667E0,-1.648601412E-5,-2.463338242E-5
6.833333333E0,-1.671685529E-5,-2.453907870E-5
6.875000000E0,-1.654726469E-5,-2.461082785E-5
6.916666667E0,-1.672608146E-5,-2.471757525E-5
6.958333333E0,-1.648489505E-5,-2.452986120E-5
7.000000000E0,-1.621249922E-5,-2.443554042E-5
7.041666667E0,-1.602021406E-5,-2.448369886E-5
7.083333333E0,-1.619119761E-5,-2.419500929E-5
7.125000000E0,-1.636330088E-5,-2.405255723E-5
7.166666667E0,-1.627410718E-5,-2.421324935E-5
7.208333333E0,-1.638733889E-5,-2.430160969E-5
7.250000000E0,-1.647327361E-5,-2.423963006E-5
7.291666667E0,-1.647156591E-5,-2.386373981E-5
7.333333333E0,-1.651520056E-5,-2.379176390E-5
7.375000000E0,-1.643947804E-5,-2.363198205E-5
7.416666667E0,-1.640385501E-5,-2.351697026E-5
7.458333333E0,-1.605628745E-5,-2.326200367E-5
7.500000000E0,-1.561572506E-5,-2.362822480E-5
7.541666667E0,-1.549623740E-5,-2.389380386E-5
7.583333333E0,-1.547561370E-5,-2.398613293E-5
7.625000000E0,-1.573158597E-5,-2.361043538E-5
7.666666667E0,-1.535477220E-5,-2.332809843E-5
7.708333333E0,-1.496451177E-5,-2.333668438E-5
7.750000000E0,-1.509166344E-5,-2.321145371E-5
7.791666667E0,-1.519633007E-5,-2.304673699E-5
7.833333333E0,-1.543025339E-5,-2.265979024E-5
7.875000000E0,-1.534424187E-5,-2.277000165E-5
7.916666667E0,-1.545482061E-5,-2.285489574E-5
7.958333333E0,-1.559367397E-5,-2.299039417E-5
8.000000000E0,-1.590695534E-5,-2.310323558E-5
8.041666667E0,-1.622230336E-5,-2.280572965E-5
8.083333333E0,-1.606877739E-5,-2.328748816E-5
8.125000000E0,-1.618971837E-5,-2.364695991E-5
8.166666667E0,-1.580675943E-5,-2.349229015E-5
8.208333333E0,-1.564304432E-5,-2.330710828E-5
8.250000000E0,-1.589124245E-5,-2.317186213E-5
8.291666667E0,-1.579114073E-5,-2.298784412E-5
8.333333333E0,-1.575990900E-5,-2.319804803E-5
8.375000000E0,-1.583984961E-5,-2.346294842E-5
8.416666667E0,-1.583782702E-5,-2.385261115E-5
8.458333333E0,-1.576113052E-5,-2.385261115E-5
8.500000000E0,-1.572278227E-5,-2.389095940E-5
8.541666667E0,-1.524942502E-5,-2.377403306E-5
8.583333333E0,-1.515705091E-5,-2.364460488E-5
8.625000000E0,-1.526915079E-5,-2.359688927E-5
8.666666667E0,-1.514924087E-5,-2.359921311E-5
8.708333333E0,-1.515396136E-5,-2.379961395E-5
8.750000000E0,-1.499428876E-5,-2.394222743E-5
8.791666667E0,-1.515142844E-5,-2.383042908E-5
8.833333333E0,-1.545789289E-5,-2.391190640E-5
8.875000000E0,-1.541902860E-5,-2.390367118E-5
8.916666667E0,-1.590399643E-5,-2.369396876E-5
8.958333333E0,-1.598468317E-5,-2.362721972E-5
9.000000000E0,-1.576018588E-5,-2.334725882E-5
9.041666667E0,-1.591452352E-5,-2.320069091E-5
9.083333333E0,-1.576113052E-5,-2.323903916E-5
9.125000000E0,-1.564608577E-5,-2.339243216E-5
9.166666667E0,-1.549269277E-5,-2.354582516E-5
9.208333333E0,-1.560773752E-5,-2.389095940E-5
9.250000000E0,-1.560773752E-5,-2.377591465E-5
9.291666667E0,-1.583782702E-5,-2.435113840E-5
9.333333333E0,-1.602470387E-5,-2.395720438E-5
9.375000000E0,-1.587655503E-5,-2.405557072E-5
9.416666667E0,-1.558793948E-5,-2.414505956E-5
9.458333333E0,-1.532646500E-5,-2.405970953E-5
9.500000000E0,-1.509566828E-5,-2.398240402E-5
9.541666667E0,-1.528909249E-5,-2.392519442E-5
9.583333333E0,-1.542651274E-5,-2.378664669E-5
9.625000000E0,-1.526884282E-5,-2.378232607E-5
9.666666667E0,-1.528418917E-5,-2.407356377E-5
9.708333333E0,-1.530099316E-5,-2.407076643E-5
9.750000000E0,-1.533929978E-5,-2.415939715E-5
9.791666667E0,-1.579947877E-5,-2.385261115E-5
9.833333333E0,-1.538868955E-5,-2.372243831E-5
9.875000000E0,-1.526101868E-5,-2.340896646E-5
9.916666667E0,-1.499928529E-5,-2.323931659E-5
9.958333333E0,-1.517787397E-5,-2.341309049E-5
1.000000000E1,-1.515495278E-5,-2.341606485E-5
1.004166667E1,-1.538412927E-5,-2.380737762E-5
1.008333333E1,-1.556811135E-5,-2.362652328E-5
1.012500000E1,-1.575213494E-5,-2.389111276E-5
1.016666667E1,-1.546666734E-5,-2.393822528E-5
1.020833333E1,-1.562911177E-5,-2.371343475E-5
1.025000000E1,-1.609420819E-5,-2.401637570E-5
1.029166667E1,-1.595040261E-5,-2.401176687E-5
1.033333333E1,-1.562488831E-5,-2.385807446E-5
1.037500000E1,-1.549681237E-5,-2.357329385E-5
1.041666667E1,-1.518956699E-5,-2.325898446E-5
1.045833333E1,-1.503099177E-5,-2.339224362E-5
1.050000000E1,-1.493952633E-5,-2.325934762E-5
1.054166667E1,-1.501598527E-5,-2.317146246E-5
1.058333333E1,-1.522088677E-5,-2.318806906E-5
1.062500000E1,-1.521190770E-5,-2.320326713E-5
1.066666667E1,-1.488049720E-5,-2.339220126E-5
1.070833333E1,-1.491147078E-5,-2.308981565E-5
1.075000000E1,-1.536728282E-5,-2.310108411E-5
1.079166667E1,-1.518976701E-5,-2.294850824E-5
1.083333333E1,-1.524625091E-5,-2.317000131E-5
1.087500000E1,-1.502718429E-5,-2.326968577E-5
1.091666667E1,-1.512157520E-5,-2.354432123E-5
1.095833333E1,-1.488688156E-5,-2.344759951E-5
1.100000000E1,-1.462603395E-5,-2.351338556E-5
1.104166667E1,-1.448911025E-5,-2.325510573E-5
1.108333333E1,-1.441702124E-5,-2.353317512E-5
1.112500000E1,-1.387984654E-5,-2.371293134E-5
1.116666667E1,-1.359296392E-5,-2.345719203E-5
1.120833333E1,-1.345738349E-5,-2.336406834E-5
1.125000000E1,-1.353763276E-5,-2.312972806E-5
1.129166667E1,-1.334480277E-5,-2.329993467E-5
1.133333333E1,-1.333991028E-5,-2.313527612E-5
1.137500000E1,-1.351423632E-5,-2.295618801E-5
1.141666667E1,-1.349292190E-5,-2.293259708E-5
1.145833333E1,-1.355728333E-5,-2.245275411E-5
1.150000000E1,-1.348631960E-5,-2.237037417E-5
1.154166667E1,-1.340388059E-5,-2.203217198E-5
1.158333333E1,-1.323019929E-5,-2.203092643E-5
1.162500000E1,-1.322548854E-5,-2.221513728E-5
1.166666667E1,-1.295962086E-5,-2.260004246E-5
1.170833333E1,-1.305435813E-5,-2.276606532E-5
1.175000000E1,-1.300702367E-5,-2.293758834E-5
1.179166667E1,-1.285244582E-5,-2.302067193E-5
1.183333333E1,-1.252600920E-5,-2.274182087E-5
1.187500000E1,-1.243470490E-5,-2.263189216E-5
1.191666667E1,-1.178619181E-5,-2.290415717E-5
1.195833333E1,-1.166646718E-5,-2.272643482E-5
1.200000000E1,-1.150638935E-5,-2.268713688E-5
1.204166667E1,-1.154282308E-5,-2.247207417E-5
1.208333333E1,-1.157695249E-5,-2.295390541E-5
1.212500000E1,-1.168603338E-5,-2.310483437E-5
1.216666667E1,-1.138633258E-5,-2.342733865E-5
1.220833333E1,-1.148886646E-5,-2.356467330E-5
1.225000000E1,-1.170405703E-5,-2.370378762E-5
1.229166667E1,-1.159197123E-5,-2.377668777E-5
1.233333333E1,-1.173092940E-5,-2.365230254E-5
1.237500000E1,-1.155722959E-5,-2.350502286E-5
1.241666667E1,-1.178547863E-5,-2.350704166E-5
1.245833333E1,-1.214161448E-5,-2.401033954E-5
1.250000000E1,-1.228619411E-5,-2.419054619E-5
1.254166667E1,-1.212768044E-5,-2.414387854E-5
1.258333333E1,-1.237575350E-5,-2.440934196E-5
1.262500000E1,-1.261872672E-5,-2.443046475E-5
1.266666667E1,-1.276787296E-5,-2.443813504E-5
1.270833333E1,-1.250832942E-5,-2.444536164E-5
1.275000000E1,-1.251804536E-5,-2.494628558E-5
1.279166667E1,-1.289146198E-5,-2.478461435E-5
1.283333333E1,-1.296170831E-5,-2.461957614E-5
1.287500000E1,-1.263209452E-5,-2.447738385E-5
1.291666667E1,-1.272145783E-5,-2.443268310E-5
1.295833333E1,-1.275258289E-5,-2.401905601E-5
1.300000000E1,-1.260203750E-5,-2.431637735E-5
1.304166667E1,-1.302114681E-5,-2.445046615E-5
1.308333333E1,-1.265778754E-5,-2.477841408E-5
1.312500000E1,-1.274686533E-5,-2.527235152E-5
1.316666667E1,-1.293453555E-5,-2.551790665E-5
1.320833333E1,-1.346756564E-5,-2.584224902E-5
1.325000000E1,-1.369858924E-5,-2.599904602E-5
1.329166667E1,-1.353044466E-5,-2.620993627E-5
1.333333333E1,-1.382290178E-5,-2.643119290E-5
1.337500000E1,-1.386037003E-5,-2.696942174E-5
1.341666667E1,-1.398217038E-5,-2.678701218E-5
1.345833333E1,-1.355668490E-5,-2.687790718E-5
1.350000000E1,-1.308303928E-5,-2.678303727E-5
1.354166667E1,-1.323447158E-5,-2.687685707E-5
1.358333333E1,-1.306565969E-5,-2.651639683E-5
1.362500000E1,-1.304383570E-5,-2.681707491E-5
1.366666667E1,-1.325399275E-5,-2.677610058E-5
1.370833333E1,-1.284666356E-5,-2.665203336E-5
1.375000000E1,-1.276513917E-5,-2.645129385E-5
1.379166667E1,-1.284761043E-5,-2.650654577E-5
1.383333333E1,-1.314058207E-5,-2.664075569E-5
1.387500000E1,-1.337183793E-5,-2.673360037E-5
1.391666667E1,-1.344547362E-5,-2.673636968E-5
1.395833333E1,-1.353917484E-5,-2.639166256E-5
1.400000000E1,-1.347776731E-5,-2.661017087E-5
1.404166667E1,-1.335338261E-5,-2.642674560E-5
1.408333333E1,-1.311859508E-5,-2.619961075E-5
1.412500000E1,-1.305308035E-5,-2.585832816E-5
1.416666667E1,-1.288022899E-5,-2.574132090E-5
1.420833333E1,-1.283310692E-5,-2.587214934E-5
1.425000000E1,-1.280831531E-5,-2.523314813E-5
1.429166667E1,-1.298676736E-5,-2.520467504E-5
1.433333333E1,-1.292092178E-5,-2.495907544E-5
1.437500000E1,-1.294554555E-5,-2.487278480E-5
1.441666667E1,-1.265387134E-5,-2.463553891E-5
1.445833333E1,-1.247440791E-5,-2.478590643E-5
1.450000000E1,-1.236883033E-5,-2.476357213E-5
1.454166667E1,-1.186849791E-5,-2.488262756E-5
1.458333333E1,-1.131273359E-5,-2.515645163E-5
1.462500000E1,-1.131702142E-5,-2.511968891E-5
1.466666667E1,-1.147627044E-5,-2.501121149E-5
1.470833333E1,-1.160932797E-5,-2.501348582E-5
1.475000000E1,-1.104735743E-5,-2.504916756E-5
1.479166667E1,-1.129174076E-5,-2.533771488E-5
1.483333333E1,-1.162708612E-5,-2.534741335E-5
1.487500000E1,-1.194662621E-5,-2.530808321E-5
1.491666667E1,-1.188522050E-5,-2.530398554E-5
1.495833333E1,-1.215570725E-5,-2.512053152E-5
1.500000000E1,-1.238589130E-5,-2.500248248E-5
1.504166667E1,-1.251021854E-5,-2.488705653E-5
1.508333333E1,-1.269101578E-5,-2.503413362E-5
1.512500000E1,-1.276425453E-5,-2.492824091E-5
1.516666667E1,-1.359779439E-5,-2.454460685E-5
1.520833333E1,-1.350607665E-5,-2.408563940E-5
1.525000000E1,-1.378822091E-5,-2.426102359E-5
1.529166667E1,-1.361177526E-5,-2.441464479E-5
1.533333333E1,-1.345455372E-5,-2.421134889E-5
1.537500000E1,-1.311256128E-5,-2.409125773E-5
1.541666667E1,-1.332360181E-5,-2.404440769E-5
1.545833333E1,-1.328168990E-5,-2.406915153E-5
1.550000000E1,-1.356539660E-5,-2.373389983E-5
1.554166667E1,-1.361618097E-5,-2.364033117E-5
1.558333333E1,-1.377023380E-5,-2.364365627E-5
1.562500000E1,-1.374446901E-5,-2.365999283E-5
1.566666667E1,-1.379006930E-5,-2.335138984E-5
1.570833333E1,-1.394226468E-5,-2.331166222E-5
1.575000000E1,-1.396089845E-5,-2.332162274E-5
1.579166667E1,-1.416833183E-5,-2.373345955E-5
1.583333333E1,-1.394835490E-5,-2.361216129E-5
1.587500000E1,-1.438070817E-5,-2.346900670E-5
1.591666667E1,-1.465846220E-5,-2.378244619E-5
1.595833333E1,-1.484258522E-5,-2.362361237E-5
1.600000000E1,-1.484379437E-5,-2.316859592E-5
1.604166667E1,-1.522405144E-5,-2.302685332E-5
1.608333333E1,-1.507811424E-5,-2.290098141E-5
1.612500000E1,-1.479700212E-5,-2.291533956E-5
1.616666667E1,-1.453726057E-5,-2.261585852E-5
1.620833333E1,-1.470282104E-5,-2.201578389E-5
1.625000000E1,-1.462724665E-5,-2.198147114E-5
1.629166667E1,-1.441894179E-5,-2.162841269E-5
1.633333333E1,-1.389348940E-5,-2.135741020E-5
1.637500000E1,-1.368500043E-5,-2.163427626E-5
1.641666667E1,-1.352051140E-5,-2.208508817E-5
1.645833333E1,-1.350337539E-5,-2.253169753E-5
1.650000000E1,-1.388206630E-5,-2.274051192E-5
1.654166667E1,-1.419678314E-5,-2.243522921E-5
1.658333333E1,-1.447787914E-5,-2.274861965E-5
1.662500000E1,-1.448869515E-5,-2.273498174E-5
1.666666667E1,-1.440137380E-5,-2.252711077E-5
1.670833333E1,-1.467851432E-5,-2.195181091E-5
1.675000000E1,-1.471926597E-5,-2.210488406E-5
1.679166667E1,-1.445933367E-5,-2.211580016E-5
1.683333333E1,-1.432963382E-5,-2.227020425E-5
1.687500000E1,-1.481374541E-5,-2.242333041E-5
1.691666667E1,-1.478407978E-5,-2.334116256E-5
1.695833333E1,-1.472833446E-5,-2.318134704E-5
1.700000000E1,-1.480424335E-5,-2.305096678E-5
1.704166667E1,-1.514952589E-5,-2.290077809E-5
1.708333333E1,-1.521947186E-5,-2.279137056E-5
1.712500000E1,-1.505302469E-5,-2.245442927E-5
1.716666667E1,-1.531960258E-5,-2.258248795E-5
1.720833333E1,-1.543767010E-5,-2.287732292E-5
1.725000000E1,-1.514564133E-5,-2.290041352E-5
1.729166667E1,-1.559508349E-5,-2.270794871E-5
1.733333333E1,-1.622910690E-5,-2.243975205E-5
1.737500000E1,-1.640609441E-5,-2.228975382E-5
1.741666667E1,-1.683562455E-5,-2.224146621E-5
1.745833333E1,-1.640140298E-5,-2.227272733E-5
1.750000000E1,-1.671463533E-5,-2.226841318E-5
1.754166667E1,-1.634798987E-5,-2.243127410E-5
1.758333333E1,-1.620686689E-5,-2.244202914E-5
1.762500000E1,-1.646570851E-5,-2.257723504E-5
1.766666667E1,-1.630923597E-5,-2.202895055E-5
1.770833333E1,-1.603378321E-5,-2.196320417E-5
1.775000000E1,-1.604310241E-5,-2.198698751E-5
1.779166667E1,-1.589726760E-5,-2.200646229E-5
1.783333333E1,-1.562174703E-5,-2.196825310E-5
1.787500000E1,-1.531555306E-5,-2.167842942E-5
1.791666667E1,-1.517149946E-5,-2.182740160E-5
1.795833333E1,-1.481394225E-5,-2.186000790E-5
1.800000000E1,-1.508228027E-5,-2.213073595E-5
1.804166667E1,-1.470838635E-5,-2.212251598E-5
1.808333333E1,-1.462934154E-5,-2.227904385E-5
1.812500000E1,-1.487290964E-5,-2.257939260E-5
1.816666667E1,-1.494444034E-5,-2.286812696E-5
1.820833333E1,-1.467963727E-5,-2.273744948E-5
1.825000000E1,-1.463810682E-5,-2.295034854E-5
1.829166667E1,-1.446954720E-5,-2.333905560E-5
1.833333333E1,-1.461501896E-5,-2.336929733E-5
1.837500000E1,-1.449728892E-5,-2.323432790E-5
1.841666667E1,-1.467239904E-5,-2.334414890E-5
1.845833333E1,-1.508298398E-5,-2.320293975E-5
1.850000000E1,-1.473291341E-5,-2.305720888E-5
1.854166667E1,-1.455630300E-5,-2.330209080E-5
1.858333333E1,-1.461911275E-5,-2.305451815E-5
1.862500000E1,-1.477038064E-5,-2.304664115E-5
1.866666667E1,-1.446633956E-5,-2.272808054E-5
1.870833333E1,-1.431948468E-5,-2.286431472E-5
1.875000000E1,-1.410745555E-5,-2.270976458E-5
1.879166667E1,-1.391243102E-5,-2.243665024E-5
1.883333333E1,-1.388840434E-5,-2.271408533E-5
1.887500000E1,-1.371383722E-5,-2.259407826E-5
1.891666667E1,-1.334723656E-5,-2.304909735E-5
1.895833333E1,-1.328345792E-5,-2.307275653E-5
1.900000000E1,-1.342559957E-5,-2.316074375E-5
1.904166667E1,-1.332503246E-5,-2.313179236E-5
1.908333333E1,-1.310650790E-5,-2.263769049E-5
1.912500000E1,-1.266601172E-5,-2.241776869E-5
1.916666667E1,-1.262191361E-5,-2.229785273E-5
1.920833333E1,-1.294448044E-5,-2.199898920E-5
1.925000000E1,-1.289785748E-5,-2.209252821E-5
1.929166667E1,-1.312436534E-5,-2.161676437E-5
1.933333333E1,-1.328999124E-5,-2.183188743E-5
1.937500000E1,-1.341281964E-5,-2.200824507E-5
1.941666667E1,-1.353967001E-5,-2.226600462E-5
1.945833333E1,-1.341392764E-5,-2.238608574E-5
1.950000000E1,-1.361250924E-5,-2.232465891E-5
1.954166667E1,-1.340463025E-5,-2.228286604E-5
1.958333333E1,-1.323154457E-5,-2.213881965E-5
1.962500000E1,-1.365693435E-5,-2.195556595E-5
1.966666667E1,-1.325929123E-5,-2.171283814E-5
1.970833333E1,-1.323312800E-5,-2.153835532E-5
1.975000000E1,-1.304512403E-5,-2.166265502E-5
1.979166667E1,-1.282894657E-5,-2.212493781E-5
1.983333333E1,-1.325498509E-5,-2.207607848E-5
1.987500000E1,-1.344074699E-5,-2.220596229E-5
1.991666667E1,-1.374050250E-5,-2.254786525E-5
1.995833333E1,-1.372988064E-5,-2.275581139E-5
2.000000000E1,-1.353948474E-5,-2.281329921E-5
2.004166667E1,-1.343003244E-5,-2.294506365E-5
2.008333333E1,-1.311099141E-5,-2.300995947E-5
2.012500000E1,-1.279388870E-5,-2.267165277E-5
2.016666667E1,-1.261431960E-5,-2.256732289E-5
2.020833333E1,-1.281765094E-5,-2.219308755E-5
2.025000000E1,-1.258215858E-5,-2.232175001E-5
2.029166667E1,-1.275756752E-5,-2.257200419E-5
2.033333333E1,-1.305234575E-5,-2.258001098E-5
2.037500000E1,-1.324840651E-5,-2.269745834E-5
2.041666667E1,-1.342288092E-5,-2.270857017E-5
2.045833333E1,-1.328400871E-5,-2.272663873E-5
2.050000000E1,-1.387509633E-5,-2.242390262E-5
2.054166667E1,-1.394285447E-5,-2.243705120E-5
2.058333333E1,-1.395872801E-5,-2.243429970E-5
2.062500000E1,-1.418395601E-5,-2.257935965E-5
2.066666667E1,-1.437172161E-5,-2.239300945E-5
2.070833333E1,-1.445770837E-5,-2.232377484E-5
2.075000000E1,-1.417605773E-5,-2.214203778E-5
2.079166667E1,-1.429063139E-5,-2.217757181E-5
2.083333333E1,-1.423871099E-5,-2.240637921E-5
2.087500000E1,-1.388862915E-5,-2.217815116E-5
2.091666667E1,-1.397943402E-5,-2.212461062E-5
2.095833333E1,-1.416942330E-5,-2.167957616E-5
2.100000000E1,-1.390373977E-5,-2.185603630E-5
2.104166667E1,-1.421189056E-5,-2.197057318E-5
2.108333333E1,-1.409293499E-5,-2.195417297E-5
2.112500000E1,-1.420040987E-5,-2.201970106E-5
2.116666667E1,-1.465444435E-5,-2.231079624E-5
2.120833333E1,-1.458800602E-5,-2.208696044E-5
2.125000000E1,-1.470984311E-5,-2.226865333E-5
2.129166667E1,-1.500059025E-5,-2.257937607E-5
2.133333333E1,-1.507753115E-5,-2.272068300E-5
2.137500000E1,-1.511401473E-5,-2.314087870E-5
2.141666667E1,-1.539072129E-5,-2.359673278E-5
2.145833333E1,-1.526088043E-5,-2.352923077E-5
2.150000000E1,-1.496235850E-5,-2.297102039E-5
2.154166667E1,-1.496921134E-5,-2.280216185E-5
2.158333333E1,-1.467659374E-5,-2.212670149E-5
2.162500000E1,-1.434227635E-5,-2.198122225E-5
2.166666667E1,-1.426167750E-5,-2.182789121E-5
2.170833333E1,-1.421408734E-5,-2.155243647E-5
2.175000000E1,-1.393086950E-5,-2.152368430E-5
2.179166667E1,-1.406324623E-5,-2.139076646E-5
2.183333333E1,-1.404547988E-5,-2.144955836E-5
2.187500000E1,-1.369897504E-5,-2.090943568E-5
2.191666667E1,-1.355318542E-5,-2.060123199E-5
2.195833333E1,-1.362792536E-5,-2.053047275E-5
2.200000000E1,-1.354566823E-5,-2.042693434E-5
2.204166667E1,-1.348745758E-5,-2.060053279E-5
2.208333333E1,-1.329167818E-5,-2.069107179E-5
2.212500000E1,-1.346536274E-5,-2.108879942E-5
2.216666667E1,-1.355938743E-5,-2.140163918E-5
2.220833333E1,-1.356200796E-5,-2.151367887E-5
2.225000000E1,-1.370228070E-5,-2.135275503E-5
2.229166667E1,-1.396951820E-5,-2.118405620E-5
2.233333333E1,-1.410907209E-5,-2.121700994E-5
2.237500000E1,-1.407264834E-5,-2.135605119E-5
2.241666667E1,-1.441133201E-5,-2.185727884E-5
2.245833333E1,-1.401019883E-5,-2.196511020E-5
2.250000000E1,-1.368548532E-5,-2.213386861E-5
2.254166667E1,-1.352763455E-5,-2.242357091E-5
2.258333333E1,-1.395953172E-5,-2.233335605E-5
2.262500000E1,-1.441025323E-5,-2.241172218E-5
2.266666667E1,-1.442200665E-5,-2.246709941E-5
2.270833333E1,-1.423106552E-5,-2.241750652E-5
2.275000000E1,-1.432692524E-5,-2.224840901E-5
2.279166667E1,-1.467130497E-5,-2.236304989E-5
2.283333333E1,-1.464399564E-5,-2.225357908E-5
2.287500000E1,-1.445728143E-5,-2.207802973E-5
2.291666667E1,-1.464734220E-5,-2.211786751E-5
2.295833333E1,-1.492719963E-5,-2.210025216E-5
2.300000000E1,-1.497922035E-5,-2.176562557E-5
2.304166667E1,-1.563276955E-5,-2.180712099E-5
2.308333333E1,-1.559730482E-5,-2.194965566E-5
2.312500000E1,-1.583965674E-5,-2.217533525E-5
2.316666667E1,-1.584258044E-5,-2.197907703E-5
2.320833333E1,-1.592806457E-5,-2.181351563E-5
2.325000000E1,-1.586922536E-5,-2.195838643E-5
2.329166667E1,-1.584028679E-5,-2.224151954E-5
2.333333333E1,-1.568884387E-5,-2.258226818E-5
2.337500000E1,-1.592367543E-5,-2.243771030E-5
2.341666667E1,-1.586996914E-5,-2.213278846E-5
2.345833333E1,-1.580707540E-5,-2.225946417E-5
2.350000000E1,-1.616620405E-5,-2.199421231E-5
2.354166667E1,-1.646525686E-5,-2.213912661E-5
2.358333333E1,-1.676529310E-5,-2.228016323E-5
2.362500000E1,-1.654982755E-5,-2.229553698E-5
2.366666667E1,-1.662763653E-5,-2.222016913E-5
2.370833333E1,-1.679341760E-5,-2.201248977E-5
2.375000000E1,-1.663126429E-5,-2.184171813E-5
2.379166667E1,-1.698581668E-5,-2.167605935E-5
2.383333333E1,-1.693631325E-5,-2.165545888E-5
2.387500000E1,-1.722799869E-5,-2.121586161E-5
2.391666667E1,-1.750648340E-5,-2.081952694E-5
2.395833333E1,-1.775393654E-5,-2.103589442E-5
2.400000000E1,-1.804027803E-5,-2.121571258E-5
2.404166667E1,-1.797365059E-5,-2.132759443E-5
2.408333333E1,-1.835263451E-5,-2.113689566E-5
2.412500000E1,-1.836515181E-5,-2.118674191E-5
2.416666667E1,-1.832807789E-5,-2.103796642E-5
2.420833333E1,-1.839458490E-5,-2.118016174E-5
2.425000000E1,-1.860987305E-5,-2.106493432E-5
2.429166667E1,-1.882031159E-5,-2.072303172E-5
2.433333333E1,-1.923648153E-5,-2.057863862E-5
2.437500000E1,-1.885607354E-5,-2.056278913E-5
2.441666667E1,-1.865997189E-5,-2.056291486E-5
2.445833333E1,-1.829580471E-5,-2.091928732E-5
2.450000000E1,-1.848111290E-5,-2.118489067E-5
2.454166667E1,-1.853243081E-5,-2.159988067E-5
2.458333333E1,-1.913577647E-5,-2.216528818E-5
2.462500000E1,-1.918074868E-5,-2.189035546E-5
2.466666667E1,-1.889165715E-5,-2.155723026E-5
2.470833333E1,-1.898336333E-5,-2.207305576E-5
2.475000000E1,-1.896786125E-5,-2.214235145E-5
2.479166667E1,-1.882709266E-5,-2.187621731E-5
2.483333333E1,-1.913966232E-5,-2.182927166E-5
2.487500000E1,-1.931235347E-5,-2.196285399E-5
2.491666667E1,-1.927529832E-5,-2.152509163E-5
2.495833333E1,-1.914940380E-5,-2.142554450E-5
2.500000000E1,-1.912889759E-5,-2.124777253E-5
2.504166667E1,-1.932042098E-5,-2.122286745E-5
2.508333333E1,-1.927252675E-5,-2.101188751E-5
2.512500000E1,-1.914391488E-5,-2.094544623E-5
2.516666667E1,-1.881709365E-5,-2.066416980E-5
2.520833333E1,-1.867938207E-5,-2.078608315E-5
2.525000000E1,-1.858965495E-5,-2.108728244E-5
2.529166667E1,-1.852554566E-5,-2.113453424E-5
2.533333333E1,-1.866721030E-5,-2.128206904E-5
2.537500000E1,-1.893374435E-5,-2.128030251E-5
2.541666667E1,-1.921247297E-5,-2.151336794E-5
2.545833333E1,-1.936586597E-5,-2.128327844E-5
2.550000000E1,-1.942920496E-5,-2.140885856E-5
2.554166667E1,-1.956321918E-5,-2.139169123E-5
2.558333333E1,-1.934867001E-5,-2.106139018E-5
2.562500000E1,-1.939805948E-5,-2.096199757E-5
2.566666667E1,-1.969532596E-5,-2.129293013E-5
2.570833333E1,-2.010479595E-5,-2.174682421E-5
2.575000000E1,-2.030487620E-5,-2.190286666E-5
2.579166667E1,-2.043915176E-5,-2.175175565E-5
2.583333333E1,-2.059929110E-5,-2.173496176E-5
2.587500000E1,-2.067010645E-5,-2.125535912E-5
2.591666667E1,-2.086350694E-5,-2.125464321E-5
2.595833333E1,-2.112647230E-5,-2.115383550E-5
2.600000000E1,-2.149234606E-5,-2.116623310E-5
2.604166667E1,-2.119103104E-5,-2.074808436E-5
2.608333333E1,-2.107738413E-5,-2.098405410E-5
2.612500000E1,-2.137322844E-5,-2.156903948E-5
2.616666667E1,-2.115586725E-5,-2.201104570E-5
2.620833333E1,-2.139832319E-5,-2.208859168E-5
2.625000000E1,-2.169042597E-5,-2.232951504E-5
2.629166667E1,-2.198463083E-5,-2.241268041E-5
2.633333333E1,-2.246272409E-5,-2.253259418E-5
2.637500000E1,-2.216075953E-5,-2.286285623E-5
2.641666667E1,-2.223391621E-5,-2.241591932E-5
2.645833333E1,-2.258543422E-5,-2.213324045E-5
2.650000000E1,-2.262574903E-5,-2.211850015E-5
2.654166667E1,-2.231868118E-5,-2.182015393E-5
2.658333333E1,-2.205197866E-5,-2.146168260E-5
2.662500000E1,-2.203385019E-5,-2.149062174E-5
2.666666667E1,-2.181516002E-5,-2.141761413E-5
2.670833333E1,-2.185139017E-5,-2.149689661E-5
2.675000000E1,-2.190920641E-5,-2.133311180E-5
2.679166667E1,-2.205506610E-5,-2.118184650E-5
2.683333333E1,-2.166676093E-5,-2.135997494E-5
2.687500000E1,-2.127179539E-5,-2.163716097E-5
2.691666667E1,-2.109648604E-5,-2.133841666E-5
2.695833333E1,-2.092763128E-5,-2.137100076E-5
2.700000000E1,-2.105318894E-5,-2.105318894E-5
2.704166667E1,-2.087954916E-5,-2.137023534E-5
2.708333333E1,-2.029196978E-5,-2.163822924E-5
2.712500000E1,-2.024787571E-5,-2.124493019E-5
2.716666667E1,-2.024314072E-5,-2.127113083E-5
2.720833333E1,-2.045452637E-5,-2.120024628E-5
2.725000000E1,-2.043961695E-5,-2.109153719E-5
2.729166667E1,-2.058126079E-5,-2.153379303E-5
2.733333333E1,-2.071546546E-5,-2.155581719E-5
2.737500000E1,-2.090737991E-5,-2.121672985E-5
2.741666667E1,-2.043961695E-5,-2.109153719E-5
2.745833333E1,-2.045667286E-5,-2.125763429E-5
2.750000000E1,-2.055463742E-5,-2.102004188E-5
2.754166667E1,-2.059089576E-5,-2.122368718E-5
2.758333333E1,-2.028028932E-5,-2.094156462E-5
2.762500000E1,-2.074859456E-5,-2.045087695E-5
2.766666667E1,-2.029255738E-5,-2.052968146E-5
2.770833333E1,-2.051754182E-5,-2.048836291E-5
2.775000000E1,-2.043742071E-5,-2.030365293E-5
2.779166667E1,-2.049582694E-5,-2.105642062E-5
2.783333333E1,-2.078737375E-5,-2.114978223E-5
2.787500000E1,-2.103823068E-5,-2.091913887E-5
2.791666667E1,-2.094327943E-5,-2.125610365E-5
2.795833333E1,-2.085990570E-5,-2.122709135E-5
2.800000000E1,-2.123719211E-5,-2.151091036E-5
2.804166667E1,-2.133494398E-5,-2.178943500E-5
2.808333333E1,-2.134037505E-5,-2.201644761E-5
2.812500000E1,-2.164912758E-5,-2.201839799E-5
2.816666667E1,-2.239537767E-5,-2.197354693E-5
2.820833333E1,-2.256439471E-5,-2.228479628E-5
2.825000000E1,-2.273531067E-5,-2.272552674E-5
2.829166667E1,-2.300528898E-5,-2.254919838E-5
2.833333333E1,-2.284977383E-5,-2.243919727E-5
2.837500000E1,-2.285110519E-5,-2.227007280E-5
2.841666667E1,-2.255610311E-5,-2.227783958E-5
2.845833333E1,-2.288141956E-5,-2.245281025E-5
2.850000000E1,-2.272134271E-5,-2.260798618E-5
2.854166667E1,-2.271725869E-5,-2.273288410E-5
2.858333333E1,-2.261834236E-5,-2.269273995E-5
2.862500000E1,-2.285555667E-5,-2.212693993E-5
2.866666667E1,-2.283891569E-5,-2.176287859E-5
2.870833333E1,-2.285555667E-5,-2.201189518E-5
2.875000000E1,-2.269767817E-5,-2.157489076E-5
2.879166667E1,-2.256978977E-5,-2.169652103E-5
2.883333333E1,-2.253681871E-5,-2.180493486E-5
2.887500000E1,-2.272247470E-5,-2.196754630E-5
2.891666667E1,-2.255528173E-5,-2.198405909E-5
2.895833333E1,-2.256257096E-5,-2.204407338E-5
2.900000000E1,-2.285316566E-5,-2.226698077E-5
2.904166667E1,-2.303252467E-5,-2.228544247E-5
2.908333333E1,-2.268557989E-5,-2.201346599E-5
2.912500000E1,-2.281552120E-5,-2.202205256E-5
2.916666667E1,-2.207092923E-5,-2.180147461E-5
2.920833333E1,-2.230842054E-5,-2.196588430E-5
2.925000000E1,-2.241368730E-5,-2.185540612E-5
2.929166667E1,-2.269754225E-5,-2.183129470E-5
2.933333333E1,-2.288229628E-5,-2.158773797E-5
2.937500000E1,-2.273945478E-5,-2.139686881E-5
2.941666667E1,-2.269176867E-5,-2.167689761E-5
2.945833333E1,-2.256018704E-5,-2.186325740E-5
2.950000000E1,-2.259340697E-5,-2.209376447E-5
2.954166667E1,-2.243162371E-5,-2.219019320E-5
2.958333333E1,-2.236071240E-5,-2.244710011E-5
2.962500000E1,-2.238221674E-5,-2.241334991E-5
2.966666667E1,-2.223742363E-5,-2.238455395E-5
2.970833333E1,-2.215852390E-5,-2.248902088E-5
2.975000000E1,-2.187513632E-5,-2.284519886E-5
2.979166667E1,-2.214277009E-5,-2.275379933E-5
2.983333333E1,-2.210529064E-5,-2.292966746E-5
2.987500000E1,-2.161970068E-5,-2.299558483E-5
2.991666667E1,-2.146111963E-5,-2.324024719E-5
2.995833333E1,-2.163260425E-5,-2.293337083E-5
3.000000000E1,-2.127342863E-5,-2.337991824E-5
3.004166667E1,-2.199312031E-5,-2.367427963E-5
3.008333333E1,-2.195237224E-5,-2.358863310E-5
3.012500000E1,-2.221918639E-5,-2.369860733E-5
3.016666667E1,-2.223206555E-5,-2.368792725E-5
3.020833333E1,-2.195264659E-5,-2.381817080E-5
3.025000000E1,-2.187437282E-5,-2.386554343E-5
3.029166667E1,-2.184778065E-5,-2.410719620E-5
3.033333333E1,-2.143961649E-5,-2.414317200E-5
3.037500000E1,-2.143841394E-5,-2.438484258E-5
3.041666667E1,-2.091658367E-5,-2.461090906E-5
3.045833333E1,-2.098920793E-5,-2.430117762E-5
3.050000000E1,-2.101484069E-5,-2.423609365E-5
3.054166667E1,-2.082309945E-5,-2.394848178E-5
3.058333333E1,-2.138486008E-5,-2.417455497E-5
3.062500000E1,-2.153254206E-5,-2.435113840E-5
3.066666667E1,-2.122115981E-5,-2.444280811E-5
3.070833333E1,-2.121690982E-5,-2.431653939E-5
3.075000000E1,-2.143667144E-5,-2.454287964E-5
3.079166667E1,-2.162668334E-5,-2.459265073E-5
3.083333333E1,-2.178180568E-5,-2.433196427E-5
3.087500000E1,-2.178842921E-5,-2.432467621E-5
3.091666667E1,-2.153286468E-5,-2.448771361E-5
3.095833333E1,-2.178675507E-5,-2.478891728E-5
3.100000000E1,-2.165220627E-5,-2.484154293E-5
3.104166667E1,-2.146770560E-5,-2.474731026E-5
3.108333333E1,-2.177686138E-5,-2.494723386E-5
3.112500000E1,-2.147114114E-5,-2.494749246E-5
3.116666667E1,-2.089979595E-5,-2.463875027E-5
3.120833333E1,-2.108155484E-5,-2.497786672E-5
3.125000000E1,-2.058992127E-5,-2.493319948E-5
3.129166667E1,-2.032551995E-5,-2.493506761E-5
3.133333333E1,-2.038089675E-5,-2.495342772E-5
3.137500000E1,-1.992966910E-5,-2.494925200E-5
3.141666667E1,-1.991872597E-5,-2.466439927E-5
3.145833333E1,-2.014924946E-5,-2.481995519E-5
3.150000000E1,-2.036052402E-5,-2.493749815E-5
3.154166667E1,-2.071053207E-5,-2.450582275E-5
3.158333333E1,-2.067300087E-5,-2.423502278E-5
3.162500000E1,-2.051912330E-5,-2.463432277E-5
3.166666667E1,-2.019470277E-5,-2.460207168E-5
3.170833333E1,-2.023357155E-5,-2.419091398E-5
3.175000000E1,-2.041043741E-5,-2.431754314E-5
3.179166667E1,-2.027141656E-5,-2.477476934E-5
3.183333333E1,-2.043277946E-5,-2.465562593E-5
3.187500000E1,-2.038625741E-5,-2.439180429E-5
3.191666667E1,-2.046323582E-5,-2.419544184E-5
3.195833333E1,-2.041986013E-5,-2.404387842E-5
3.200000000E1,-2.059128748E-5,-2.372899536E-5
3.204166667E1,-2.044611308E-5,-2.352713673E-5
3.208333333E1,-2.031182182E-5,-2.325322321E-5
3.212500000E1,-2.067437756E-5,-2.326825702E-5
3.216666667E1,-2.139742967E-5,-2.319336309E-5
3.220833333E1,-2.151598433E-5,-2.310511193E-5
3.225000000E1,-2.155605506E-5,-2.338495157E-5
3.229166667E1,-2.126320947E-5,-2.356705973E-5
3.233333333E1,-2.092629013E-5,-2.429713669E-5
3.237500000E1,-2.107527043E-5,-2.404168876E-5
3.241666667E1,-2.135785864E-5,-2.370218076E-5
3.245833333E1,-2.138338517E-5,-2.357173453E-5
3.250000000E1,-2.155468600E-5,-2.343814210E-5
3.254166667E1,-2.186468916E-5,-2.353621322E-5
3.258333333E1,-2.189366334E-5,-2.310999364E-5
3.262500000E1,-2.187590706E-5,-2.309307500E-5
3.266666667E1,-2.213121690E-5,-2.320155636E-5
3.270833333E1,-2.183583333E-5,-2.341017256E-5
3.275000000E1,-2.214333551E-5,-2.357251545E-5
3.279166667E1,-2.199762592E-5,-2.396533728E-5
3.283333333E1,-2.185378311E-5,-2.333618868E-5
3.287500000E1,-2.214776639E-5,-2.310917604E-5
3.291666667E1,-2.255350935E-5,-2.341185693E-5
3.295833333E1,-2.268090381E-5,-2.375197519E-5
3.300000000E1,-2.263987963E-5,-2.433924420E-5
3.304166667E1,-2.256580047E-5,-2.390080385E-5
3.308333333E1,-2.285343918E-5,-2.357617602E-5
3.312500000E1,-2.269068147E-5,-2.399630483E-5
3.316666667E1,-2.225944096E-5,-2.384336414E-5
3.320833333E1,-2.190770640E-5,-2.344126082E-5
3.325000000E1,-2.220830690E-5,-2.325291607E-5
3.329166667E1,-2.237109934E-5,-2.331404571E-5
3.333333333E1,-2.222411580E-5,-2.330803743E-5
3.337500000E1,-2.254895733E-5,-2.383246840E-5
3.341666667E1,-2.259690061E-5,-2.357305774E-5
3.345833333E1,-2.303669549E-5,-2.356076330E-5
