0.000000000000000000e+00 0.000000000000000000e+00
1.005025125628140724e-04 6.313859025811819903e-01
2.010050251256281448e-04 1.262231907743202486e+00
3.015075376884422307e-04 1.891998861315530744e+00
4.020100502512562895e-04 2.520149094229076958e+00
5.025125628140704025e-04 3.146147161580686191e+00
6.030150753768844614e-04 3.769460577523372269e+00
7.035175879396985202e-04 4.389560544606275094e+00
8.040201005025125790e-04 5.005922676201389088e+00
9.045226130653266378e-04 5.618027710670466135e+00
1.005025125628140805e-03 6.225362215944983291e+00
1.105527638190954755e-03 6.827419283214632983e+00
1.206030150753768923e-03 7.423699208445500908e+00
1.306532663316582873e-03 8.013710160477589994e+00
1.407035175879397040e-03 8.596968834483002198e+00
1.507537688442210991e-03 9.173001089600230529e+00
1.608040201005025158e-03 9.741342569597161827e+00
1.708542713567839325e-03 1.030153930545488272e+01
1.809045226130653276e-03 1.085314829880656973e+01
1.909547738693467443e-03 1.139573808521012133e+01
2.010050251256281610e-03 1.192888927627999962e+01
2.110552763819095561e-03 1.245219507975247275e+01
2.211055276381909511e-03 1.296526179660939526e+01
2.311557788944723461e-03 1.346770929443815490e+01
2.412060301507537845e-03 1.395917145625989697e+01
2.512562814070351796e-03 1.443929660411401272e+01
2.613065326633165746e-03 1.490774789674404310e+01
2.713567839195980130e-03 1.536420370078888276e+01
2.814070351758794081e-03 1.580835793494254027e+01
2.914572864321608031e-03 1.623992038660643900e+01
3.015075376884421982e-03 1.665861700061936190e+01
3.115577889447236366e-03 1.706419013971208543e+01
3.216080402010050316e-03 1.745639881639600688e+01
3.316582914572864266e-03 1.783501889605760837e+01
3.417085427135678651e-03 1.819984327109330735e+01
3.517587939698492601e-03 1.855068200598167039e+01
3.618090452261306551e-03 1.888736245325254970e+01
3.718592964824120502e-03 1.920972934037438762e+01
3.819095477386934886e-03 1.951764482764255249e+01
3.919597989949748403e-03 1.981098853721215747e+01
4.020100502512563220e-03 2.008965755347877291e+01
4.120603015075377171e-03 2.035356639506910170e+01
4.221105527638191121e-03 2.060264695876163188e+01
4.321608040201005072e-03 2.083684843571346335e+01
4.422110552763819022e-03 2.105613720042468273e+01
4.522613065326632972e-03 2.126049667292497602e+01
4.623115577889446923e-03 2.144992715471894940e+01
4.723618090452261740e-03 2.162444563907675033e+01
4.824120603015075691e-03 2.178408559630437580e+01
4.924623115577889641e-03 2.192889673467439593e+01
5.025125628140703592e-03 2.205894473774161568e+01
5.125628140703517542e-03 2.217431097880997726e+01
5.226130653266331492e-03 2.227509221335650125e+01
5.326633165829145443e-03 2.236140025025521183e+01
5.427135678391960261e-03 2.243336160267861246e+01
5.527638190954774211e-03 2.249111711958652293e+01
5.628140703517588161e-03 2.253482159874171842e+01
5.728643216080402112e-03 2.256464338221896071e+01
5.829145728643216062e-03 2.258076393539832694e+01
5.929648241206030013e-03 2.258337741045562197e+01
6.030150753768843963e-03 2.257269019538179933e+01
6.130653266331658781e-03 2.254892044957962938e+01
6.231155778894472731e-03 2.251229762709965954e+01
6.331658291457286682e-03 2.246306198858853875e+01
6.432160804020100632e-03 2.240146410303107416e+01
6.532663316582914582e-03 2.232776434037311830e+01
6.633165829145728533e-03 2.224223235611527727e+01
6.733668341708542483e-03 2.214514656896810152e+01
6.834170854271357301e-03 2.203679363265693780e+01
6.934673366834171251e-03 2.191746790296013003e+01
7.035175879396985202e-03 2.178747090105700934e+01
7.135678391959799152e-03 2.164711077425254615e+01
7.236180904522613103e-03 2.149670175513344361e+01
7.336683417085427053e-03 2.133656362019633690e+01
7.437185929648241003e-03 2.116702114897234210e+01
7.537688442211055821e-03 2.098840358465320577e+01
7.638190954773869772e-03 2.080104409720424030e+01
7.738693467336683722e-03 2.060527924992602422e+01
7.839195979899496805e-03 2.040144847040270193e+01
7.939698492462312490e-03 2.018989352674837079e+01
8.040201005025126441e-03 1.997095801003494842e+01
8.140703517587940391e-03 1.974498682375556413e+01
8.241206030150754341e-03 1.951232568114649979e+01
8.341708542713568292e-03 1.927332061115816941e+01
8.442211055276382242e-03 1.902831747383234529e+01
8.542713567839196193e-03 1.877766148580776218e+01
8.643216080402010143e-03 1.852169675664076465e+01
8.743718592964824093e-03 1.826076583659069641e+01
8.844221105527638044e-03 1.799520927648250179e+01
8.944723618090451994e-03 1.772536520022064721e+01
9.045226130653265945e-03 1.745156889048985605e+01
9.145728643216079895e-03 1.717415238813883605e+01
9.246231155778893845e-03 1.689344410570370769e+01
9.346733668341709531e-03 1.660976845548795922e+01
9.447236180904523481e-03 1.632344549257592448e+01
9.547738693467337431e-03 1.603479057311667333e+01
9.648241206030151382e-03 1.574411402817547767e+01
9.748743718592965332e-03 1.545172085341019397e+01
9.849246231155779283e-03 1.515791041479056744e+01
9.949748743718593233e-03 1.486297617053935127e+01
1.005025125628140718e-02 1.456720540943557474e+01
1.015075376884422113e-02 1.427087900558230515e+01
1.025125628140703508e-02 1.397427118970387561e+01
1.035175879396984903e-02 1.367764933700073549e+01
1.045226130653266298e-02 1.338127377155459996e+01
1.055276381909547694e-02 1.308539758724115920e+01
1.065326633165829089e-02 1.279026648507394093e+01
1.075376884422110657e-02 1.249611862686974106e+01
1.085427135678392052e-02 1.220318450509419606e+01
1.095477386934673447e-02 1.191168682871510498e+01
1.105527638190954842e-02 1.162184042486180857e+01
1.115577889447236237e-02 1.133385215606017837e+01
1.125628140703517632e-02 1.104792085278595515e+01
1.135678391959799027e-02 1.076423726105321599e+01
1.145728643216080422e-02 1.048298400473031400e+01
1.155778894472361817e-02 1.020433556225267324e+01
1.165829145728643212e-02 9.928458257379920937e+00
1.175879396984924607e-02 9.655510263624778489e+00
1.185929648241206003e-02 9.385641621962218295e+00
1.195979899497487398e-02 9.118994271409906816e+00
1.206030150753768793e-02 8.855702092055224739e+00
1.216080402010050361e-02 8.595890960089404231e+00
1.226130653266331756e-02 8.339678814396503270e+00
1.236180904522613151e-02 8.087175734233131408e+00
1.246231155778894546e-02 7.838484027524825315e+00
1.256281407035175941e-02 7.593698329296112881e+00
1.266331658291457336e-02 7.352905709743962959e+00
1.276381909547738731e-02 7.116185791458344845e+00
1.286432160804020126e-02 6.883610875288950659e+00
1.296482412060301521e-02 6.655246074353919461e+00
1.306532663316582916e-02 6.431149455684214367e+00
1.316582914572864312e-02 6.211372188996780785e+00
1.326633165829145707e-02 5.995958702089836834e+00
1.336683417085427102e-02 5.784946842355540575e+00
1.346733668341708497e-02 5.578368043907873997e+00
1.356783919597989892e-02 5.376247499827663034e+00
1.366834170854271460e-02 5.178604339031524617e+00
1.376884422110552855e-02 4.985451807277529568e+00
1.386934673366834250e-02 4.796797451827300662e+00
1.396984924623115645e-02 4.612643309292230320e+00
1.407035175879397040e-02 4.432986096200059123e+00
1.417085427135678435e-02 4.257817401827754367e+00
1.427135678391959830e-02 4.087123882856883661e+00
1.437185929648241225e-02 3.920887459418676890e+00
1.447236180904522621e-02 3.759085512107715132e+00
1.457286432160804016e-02 3.601691079555398023e+00
1.467336683417085411e-02 3.448673056167324447e+00
1.477386934673366806e-02 3.299996389641904226e+00
1.487437185929648201e-02 3.155622277901465100e+00
1.497487437185929596e-02 3.015508365081263076e+00
1.507537688442211164e-02 2.879608936236367267e+00
1.517587939698492559e-02 2.747875110441245994e+00
1.527638190954773954e-02 2.620255031971995052e+00
1.537688442211055349e-02 2.496694059276447941e+00
1.547738693467336744e-02 2.377134951452871903e+00
1.557788944723618139e-02 2.261518051973528287e+00
1.567839195979899361e-02 2.149781469404995260e+00
1.577889447236181103e-02 2.041861254892814337e+00
1.587939698492462498e-02 1.937691576193713461e+00
1.597989949748743893e-02 1.837204888054061458e+00
1.608040201005025288e-02 1.740332098748935685e+00
1.618090452261306683e-02 1.647002732611293929e+00
1.628140703517588078e-02 1.557145088396037380e+00
1.638190954773869473e-02 1.470686393338661579e+00
1.648241206030150868e-02 1.387552952782946436e+00
1.658291457286432263e-02 1.307670295266564642e+00
1.668341708542713658e-02 1.230963312967673140e+00
1.678391959798995053e-02 1.157356397429399664e+00
1.688442211055276448e-02 1.086773570492614249e+00
1.698492462311557843e-02 1.019138610380555754e+00
1.708542713567839239e-02 9.543751728915744748e-01
1.718592964824120634e-02 8.924069076686603763e-01
1.728643216080402029e-02 8.331575695263040426e-01
1.738693467336683424e-02 7.765511248267485955e-01
1.748743718592964819e-02 7.225118529087501962e-01
1.758793969849246214e-02 6.709644425824969893e-01
1.768844221105527609e-02 6.218340837145226452e-01
1.778894472361809004e-02 5.750465539360191114e-01
1.788944723618090399e-02 5.305283005171799182e-01
1.798994974874371794e-02 4.882065174588150480e-01
1.809045226130653189e-02 4.480092178607215647e-01
1.819095477386934584e-02 4.098653016339364186e-01
1.829145728643215979e-02 3.737046186312577567e-01
1.839195979899497374e-02 3.394580272770867380e-01
1.849246231155778769e-02 3.070574487839167754e-01
1.859296482412060511e-02 2.764359170485387596e-01
1.869346733668341906e-02 2.475276243263005438e-01
1.879396984924623301e-02 2.202679627865735124e-01
1.889447236180904696e-02 1.945935620569571867e-01
1.899497487437186091e-02 1.704423228676008872e-01
1.909547738693467486e-02 1.477534469105293846e-01
1.919597989949748881e-02 1.264674630318443904e-01
1.929648241206030276e-02 1.065262498773087152e-01
1.939698492462311671e-02 8.787305511399014224e-02
1.949748743718593066e-02 7.045251135245607366e-02
1.959798994974874461e-02 5.421064889542597659e-02
1.969849246231155857e-02 3.909490543982008931e-02
1.979899497487437252e-02 2.505413285985616176e-02
1.989949748743718647e-02 1.203860119917255465e-02
2.000000000000000042e-02 -2.356303499221732323e-16
